1591975315,048491
1591975315,079814
1591975315,113106
1591975315,144537
1591975315,176375
1591975315,208583
1591975315,236678
1591975315,270762
1591975315,303457
1591975315,335210
1591975315,368237
1591975315,400092
1591975315,432818
1591975315,466410
1591975315,498286
1591975315,530670
1591975315,563528
1591975315,595330
1591975315,626709
1591975315,658431
1591975315,689310
1591975315,721291
1591975315,753641
1591975315,785833
1591975315,816675
1591975315,848831
1591975315,880287
1591975315,914783
1591975315,946847
1591975315,978033
1591975316,010234
1591975316,041434
1591975316,074337
1591975316,106555
1591975316,137778
1591975316,167721
1591975316,199386
1591975316,230567
1591975316,264916
1591975316,296485
1591975316,327706
1591975316,359674
1591975316,390776
1591975316,422773
1591975316,455269
1591975316,486646
1591975316,519027
1591975316,550988
1591975316,582142
1591975316,614322
1591975316,647875
1591975316,680696
1591975316,714316
1591975316,746005
1591975316,776171
1591975316,808252
1591975316,840138
1591975316,871364
1591975316,903953
1591975316,934752
1591975316,968229
1591975317,000348
1591975317,031823
1591975317,064487
1591975317,097797
1591975317,128818
1591975317,160414
1591975317,193704
1591975317,225366
1591975317,262236
1591975317,294236
1591975317,323462
1591975317,359947
1591975317,391966
1591975317,423589
1591975317,460471
1591975317,493593
1591975317,525268
1591975317,561818
1591975317,593436
1591975317,626943
1591975317,661772
1591975317,693662
1591975317,725663
1591975317,762759
1591975317,794819
1591975317,825796
1591975317,863111
1591975317,894773
1591975317,930508
1591975317,962991
1591975317,995229
1591975318,030533
1591975318,063109
1591975318,092853
1591975318,127928
1591975318,162109
1591975318,194048
1591975318,229226
1591975318,261667
1591975318,293195
1591975318,328950
1591975318,359929
1591975318,391845
1591975318,428589
1591975318,460007
1591975318,493558
1591975318,529344
1591975318,563330
1591975318,594996
1591975318,629789
1591975318,661931
1591975318,693901
1591975318,729181
1591975318,762431
1591975318,794745
1591975318,827949
1591975318,860270
1591975318,891707
1591975318,927642
1591975318,959980
1591975318,996568
1591975319,027912
1591975319,060266
1591975319,097419
1591975319,128866
1591975319,162066
1591975319,196067
1591975319,227769
1591975319,260858
1591975319,297321
1591975319,328706
1591975319,363595
1591975319,398504
1591975319,429738
1591975319,462870
1591975319,498115
1591975319,529993
1591975319,563657
1591975319,598015
1591975319,629802
1591975319,663087
1591975319,698505
1591975319,730613
1591975319,763531
1591975319,798458
1591975319,830061
1591975319,863186
1591975319,898356
1591975319,930206
1591975319,966774
1591975319,998960
1591975320,030394
1591975320,067919
1591975320,104885
1591975320,135492
1591975320,170762
1591975320,206349
1591975320,236537
1591975320,270855
1591975320,308969
1591975320,341209
1591975320,372908
1591975320,407284
1591975320,437681
1591975320,471904
1591975320,505315
1591975320,534314
1591975320,566092
1591975320,597746
1591975320,629729
1591975320,664719
1591975320,697542
1591975320,728518
1591975320,765531
1591975320,796748
1591975320,828272
1591975320,864672
1591975320,897497
1591975320,929303
1591975320,966539
1591975320,998507
1591975321,033682
1591975321,066205
1591975321,098778
1591975321,134978
1591975321,167718
1591975321,202354
1591975321,234327
1591975321,266685
1591975321,298791
1591975321,333837
1591975321,367420
1591975321,399898
1591975321,433492
1591975321,466323
1591975321,499202
1591975321,533787
1591975321,566403
1591975321,600054
1591975321,635955
1591975321,668925
1591975321,701579
1591975321,734463
1591975321,766915
1591975321,798171
1591975321,832461
1591975321,864691
1591975321,897134
1591975321,931862
1591975321,964791
1591975321,997371
1591975322,032658
1591975322,065815
1591975322,100533
1591975322,132229
1591975322,164628
1591975322,205368
1591975322,241236
1591975322,277685
1591975322,310869
1591975322,342865
1591975322,374520
1591975322,407621
1591975322,439442
1591975322,471084
1591975322,503612
1591975322,535781
1591975322,568298
1591975322,602077
1591975322,634975
1591975322,668003
1591975322,702457
1591975322,734167
1591975322,766707
1591975322,802866
1591975322,834575
1591975322,867542
1591975322,900752
1591975322,932249
1591975322,965704
1591975323,000447
1591975323,032818
1591975323,069325
1591975323,100981
1591975323,132812
1591975323,169213
1591975323,200817
1591975323,232932
1591975323,270322
1591975323,300643
1591975323,333631
1591975323,369040
1591975323,400906
1591975323,433328
1591975323,468647
1591975323,501588
1591975323,534020
1591975323,569124
1591975323,603074
1591975323,633923
1591975323,668609
1591975323,702578
1591975323,733794
1591975323,768676
1591975323,800905
1591975323,832847
1591975323,868637
1591975323,900766
1591975323,932471
1591975323,975654
1591975324,013663
1591975324,046732
1591975324,079105
1591975324,113248
1591975324,146790
1591975324,179902
1591975324,213883
1591975324,245276
1591975324,276917
1591975324,311691
1591975324,346945
1591975324,381529
1591975324,415379
1591975324,451845
1591975324,484236
1591975324,522894
1591975324,561205
1591975324,596684
1591975324,628319
1591975324,665104
1591975324,698488
1591975324,730733
1591975324,765150
1591975324,801627
1591975324,833615
1591975324,868744
1591975324,906075
1591975324,937169
1591975324,971414
1591975325,006977
1591975325,038772
1591975325,069910
1591975325,104622
1591975325,134629
1591975325,169246
1591975325,204645
1591975325,235095
1591975325,270390
1591975325,305201
1591975325,333860
1591975325,367049
1591975325,399862
1591975325,431955
1591975325,469312
1591975325,502322
1591975325,534599
1591975325,568083
1591975325,602566
1591975325,635400
1591975325,670709
1591975325,703730
1591975325,735532
1591975325,768785
1591975325,798919
1591975325,830950
1591975325,864097
1591975325,898021
1591975325,930113
1591975325,962869
1591975326,001665
1591975326,033137
1591975326,067709
1591975326,103133
1591975326,133498
1591975326,167672
1591975326,204309
1591975326,237377
1591975326,271287
1591975326,308114
1591975326,340513
1591975326,372214
1591975326,406122
1591975326,438494
1591975326,468584
1591975326,505981
1591975326,537459
1591975326,569908
1591975326,605993
1591975326,636535
1591975326,668818
1591975326,703599
1591975326,734224
1591975326,769218
1591975326,806681
1591975326,837682
1591975326,869732
1591975326,904581
1591975326,935281
1591975326,969398
1591975327,005283
1591975327,036472
1591975327,069823
1591975327,104789
1591975327,135095
1591975327,169380
1591975327,204512
1591975327,232441
1591975327,266215
1591975327,303253
1591975327,335365
1591975327,368600
1591975327,403544
1591975327,433962
1591975327,469422
1591975327,505594
1591975327,536511
1591975327,568355
1591975327,603349
1591975327,631200
1591975327,667661
1591975327,702718
1591975327,733029
1591975327,767421
1591975327,802327
1591975327,831855
1591975327,866037
1591975327,897232
1591975327,929366
1591975327,962783
1591975327,995607
1591975328,028588
1591975328,060730
1591975328,093018
1591975328,126157
1591975328,159199
1591975328,191257
1591975328,222798
1591975328,255274
1591975328,287090
1591975328,319115
1591975328,350512
1591975328,381682
1591975328,413969
1591975328,446314
1591975328,477976
1591975328,510385
1591975328,542482
1591975328,574861
1591975328,609292
1591975328,641451
1591975328,674529
1591975328,711259
1591975328,743891
1591975328,776140
1591975328,811203
1591975328,843121
1591975328,875071
1591975328,912547
1591975328,944714
1591975328,976534
1591975329,015224
1591975329,049801
1591975329,080510
1591975329,113990
1591975329,147971
1591975329,179308
1591975329,213594
1591975329,246989
1591975329,280480
1591975329,314972
1591975329,349609
1591975329,380431
1591975329,411736
1591975329,445218
1591975329,477240
1591975329,511589
1591975329,547652
1591975329,577572
1591975329,612926
1591975329,646216
1591975329,679544
1591975329,714987
1591975329,751529
1591975329,779568
1591975329,815161
1591975329,849911
1591975329,879828
1591975329,917755
1591975329,952031
1591975329,983416
1591975330,016068
1591975330,049870
1591975330,080445
1591975330,113431
1591975330,145719
1591975330,176988
1591975330,210966
1591975330,243953
1591975330,279027
1591975330,313414
1591975330,348713
1591975330,380621
1591975330,414114
1591975330,448337
1591975330,480723
1591975330,513666
1591975330,546462
1591975330,578973
1591975330,611257
1591975330,644800
1591975330,676106
1591975330,710381
1591975330,744509
1591975330,777261
1591975330,809125
1591975330,844941
1591975330,877279
1591975330,909268
1591975330,945777
1591975330,975815
1591975331,008969
1591975331,045485
1591975331,075670
1591975331,110534
1591975331,145016
1591975331,177975
1591975331,211390
1591975331,244942
1591975331,276841
1591975331,308926
1591975331,344858
1591975331,377734
1591975331,410142
1591975331,444522
1591975331,475719
1591975331,512579
1591975331,544659
1591975331,576095
1591975331,614643
1591975331,647306
1591975331,678988
1591975331,714078
1591975331,746976
1591975331,778543
1591975331,813809
1591975331,846505
1591975331,878242
1591975331,914049
1591975331,946611
1591975331,979841
1591975332,014169
1591975332,046878
1591975332,078638
1591975332,113987
1591975332,146680
1591975332,178044
1591975332,214056
1591975332,247142
1591975332,278919
1591975332,313680
1591975332,346396
1591975332,378137
1591975332,414181
1591975332,446392
1591975332,482586
1591975332,512951
1591975332,547651
1591975332,579649
1591975332,613965
1591975332,648273
1591975332,680603
1591975332,712893
1591975332,745630
1591975332,779438
1591975332,812467
1591975332,845073
1591975332,879561
1591975332,912782
1591975332,945554
1591975332,982303
1591975333,015040
1591975333,047741
1591975333,082648
1591975333,115812
1591975333,147284
1591975333,182908
1591975333,216430
1591975333,250866
1591975333,282866
1591975333,315898
1591975333,348589
1591975333,379850
1591975333,413167
1591975333,447253
1591975333,479642
1591975333,512335
1591975333,549909
1591975333,581462
1591975333,614236
1591975333,649987
1591975333,681789
1591975333,714200
1591975333,749858
1591975333,781410
1591975333,814018
1591975333,851707
1591975333,882770
1591975333,915860
1591975333,950981
1591975333,979714
1591975334,013364
1591975334,050298
1591975334,082224
1591975334,114895
1591975334,149986
1591975334,181510
1591975334,214281
1591975334,252714
1591975334,288666
1591975334,322645
1591975334,355412
1591975334,390520
1591975334,420839
1591975334,453921
1591975334,485452
1591975334,516916
1591975334,549653
1591975334,582599
1591975334,615976
1591975334,650323
1591975334,681607
1591975334,719033
1591975334,751820
1591975334,782078
1591975334,815818
1591975334,849160
1591975334,880377
1591975334,917396
1591975334,948909
1591975334,981934
1591975335,017601
1591975335,050324
1591975335,082034
1591975335,117938
1591975335,150683
1591975335,182400
1591975335,218094
1591975335,248992
1591975335,281063
1591975335,317899
1591975335,350953
1591975335,382908
1591975335,417990
1591975335,448900
1591975335,480141
1591975335,518931
1591975335,549875
1591975335,584238
1591975335,619747
1591975335,658979
1591975335,694163
1591975335,727080
1591975335,758878
1591975335,793538
1591975335,825391
1591975335,858352
1591975335,890537
1591975335,922229
1591975335,955536
1591975335,987581
1591975336,018789
1591975336,051469
1591975336,086019
1591975336,117760
1591975336,150448
1591975336,186147
1591975336,218049
1591975336,253412
1591975336,287276
1591975336,318732
1591975336,352431
1591975336,386703
1591975336,418793
1591975336,450526
1591975336,484530
1591975336,517486
1591975336,550973
1591975336,584881
1591975336,619130
1591975336,655551
1591975336,687421
1591975336,718888
1591975336,755221
1591975336,786826
1591975336,818083
1591975336,856308
1591975336,887959
1591975336,919565
1591975336,953425
1591975336,985196
1591975337,016533
1591975337,053156
1591975337,084758
1591975337,119302
1591975337,156036
1591975337,188019
1591975337,219396
1591975337,256253
1591975337,288360
1591975337,320709
1591975337,356376
1591975337,387966
1591975337,418152
1591975337,455177
1591975337,486698
1591975337,516393
1591975337,553143
1591975337,585133
1591975337,617899
1591975337,654796
1591975337,686108
1591975337,719611
1591975337,753094
1591975337,785546
1591975337,820779
1591975337,855716
1591975337,887511
1591975337,921605
1591975337,955138
1591975337,987159
1591975338,021768
1591975338,056075
1591975338,087945
1591975338,119792
1591975338,153391
1591975338,186780
1591975338,221459
1591975338,254807
1591975338,286949
1591975338,321963
1591975338,354794
1591975338,386875
1591975338,421348
1591975338,455123
1591975338,487563
1591975338,521522
1591975338,555015
1591975338,587014
1591975338,621611
1591975338,654887
1591975338,685014
1591975338,719968
1591975338,754739
1591975338,788979
1591975338,820543
1591975338,853852
1591975338,888479
1591975338,919997
1591975338,953550
1591975338,989621
1591975339,021276
1591975339,054488
1591975339,089927
1591975339,121392
1591975339,155200
1591975339,188342
1591975339,219486
1591975339,252980
1591975339,288226
1591975339,319489
1591975339,353049
1591975339,388290
1591975339,419541
1591975339,454984
1591975339,490637
1591975339,523273
1591975339,556365
1591975339,588429
1591975339,619981
1591975339,653700
1591975339,688536
1591975339,719943
1591975339,756713
1591975339,788418
1591975339,820095
1591975339,857358
1591975339,888955
1591975339,920533
1591975339,957199
1591975339,988697
1591975340,020368
1591975340,056297
1591975340,089144
1591975340,121328
1591975340,156643
1591975340,189046
1591975340,220487
1591975340,256902
1591975340,289230
1591975340,322525
1591975340,358476
1591975340,391418
1591975340,422980
1591975340,460943
1591975340,497446
1591975340,533065
1591975340,568868
1591975340,603771
1591975340,635743
1591975340,667344
1591975340,699778
1591975340,731212
1591975340,764007
1591975340,797639
1591975340,826917
1591975340,858663
1591975340,891199
1591975340,923594
1591975340,957168
1591975340,989969
1591975341,023679
1591975341,058732
1591975341,091074
1591975341,125233
1591975341,158768
1591975341,191417
1591975341,225426
1591975341,259214
1591975341,291620
1591975341,325373
1591975341,360232
1591975341,393092
1591975341,425383
1591975341,459066
1591975341,491701
1591975341,525537
1591975341,559359
1591975341,592718
1591975341,626546
1591975341,660621
1591975341,693711
1591975341,726816
1591975341,760411
1591975341,792820
1591975341,826593
1591975341,860765
1591975341,892616
1591975341,924093
1591975341,958727
1591975341,992877
1591975342,024162
1591975342,057137
1591975342,092543
1591975342,123555
1591975342,157905
1591975342,192603
1591975342,223644
1591975342,257637
1591975342,292372
1591975342,323619
1591975342,356941
1591975342,392517
1591975342,423485
1591975342,456800
1591975342,493228
1591975342,524046
1591975342,557355
1591975342,592498
1591975342,623543
1591975342,657742
1591975342,692287
1591975342,723430
1591975342,757754
1591975342,792720
1591975342,823768
1591975342,856830
1591975342,892425
1591975342,923846
1591975342,960721
1591975342,994519
1591975343,024094
1591975343,059677
1591975343,092982
1591975343,124049
1591975343,159573
1591975343,192691
1591975343,224227
1591975343,263544
1591975343,293027
1591975343,324630
1591975343,360764
1591975343,394071
1591975343,425030
1591975343,460122
1591975343,492859
1591975343,523585
1591975343,559971
1591975343,594336
1591975343,625687
1591975343,659790
1591975343,692829
1591975343,723527
1591975343,759693
1591975343,792324
1591975343,823542
1591975343,859748
1591975343,892696
1591975343,928457
1591975343,959615
1591975343,992671
1591975344,028213
1591975344,059614
1591975344,092522
1591975344,128684
1591975344,159647
1591975344,192310
1591975344,228821
1591975344,259650
1591975344,292653
1591975344,328141
1591975344,360178
1591975344,392917
1591975344,429084
1591975344,460373
1591975344,493870
1591975344,530141
1591975344,562960
1591975344,596454
1591975344,630481
1591975344,662757
1591975344,695671
1591975344,730897
1591975344,762724
1591975344,795370
1591975344,829290
1591975344,861560
1591975344,892748
1591975344,930682
1591975344,961956
1591975344,999544
1591975345,029692
1591975345,061358
1591975345,096394
1591975345,128220
1591975345,159850
1591975345,198356
1591975345,230407
1591975345,262622
1591975345,300615
1591975345,332829
1591975345,361836
1591975345,397481
1591975345,431854
1591975345,463167
1591975345,498149
1591975345,530033
1591975345,561426
1591975345,598454
1591975345,629751
1591975345,661811
1591975345,699297
1591975345,730959
1591975345,762261
1591975345,796668
1591975345,828579
1591975345,861147
1591975345,897276
1591975345,928818
1591975345,959852
1591975345,996861
1591975346,028143
1591975346,064592
1591975346,096162
1591975346,128372
1591975346,164717
1591975346,196291
1591975346,228175
1591975346,263735
1591975346,298417
1591975346,330230
1591975346,365789
1591975346,396695
1591975346,428435
1591975346,464635
1591975346,496330
1591975346,528234
1591975346,563668
1591975346,596359
1591975346,627970
1591975346,665037
1591975346,696447
1591975346,729326
1591975346,764197
1591975346,797158
1591975346,829448
1591975346,863746
1591975346,896003
1591975346,928134
1591975346,965456
1591975346,997979
1591975347,030063
1591975347,064281
1591975347,101234
1591975347,134570
1591975347,165975
1591975347,201316
1591975347,233969
1591975347,265292
1591975347,298375
1591975347,333232
1591975347,365053
1591975347,398477
1591975347,433828
1591975347,465936
1591975347,498998
1591975347,532545
1591975347,564572
1591975347,598897
1591975347,634496
1591975347,666161
1591975347,699458
1591975347,735339
1591975347,767360
1591975347,801655
1591975347,836262
1591975347,868150
1591975347,901619
1591975347,936006
1591975347,967718
1591975348,001120
1591975348,035305
1591975348,066896
1591975348,103778
1591975348,136139
1591975348,167835
1591975348,200564
1591975348,232240
1591975348,263776
1591975348,300402
