1591975315,043858
1591975315,075105
1591975315,107041
1591975315,138498
1591975315,170431
1591975315,202227
1591975315,233823
1591975315,267907
1591975315,300618
1591975315,332195
1591975315,364982
1591975315,397040
1591975315,429932
1591975315,462712
1591975315,494558
1591975315,527816
1591975315,560605
1591975315,591901
1591975315,623249
1591975315,655202
1591975315,686400
1591975315,718437
1591975315,750601
1591975315,781892
1591975315,813836
1591975315,845983
1591975315,877313
1591975315,910016
1591975315,942097
1591975315,973407
1591975316,005430
1591975316,036596
1591975316,068360
1591975316,100466
1591975316,131792
1591975316,164434
1591975316,196489
1591975316,227623
1591975316,260219
1591975316,291728
1591975316,322927
1591975316,354822
1591975316,385949
1591975316,417907
1591975316,450342
1591975316,481771
1591975316,514117
1591975316,546121
1591975316,577368
1591975316,611485
1591975316,644978
1591975316,677783
1591975316,710507
1591975316,742081
1591975316,773230
1591975316,805207
1591975316,836488
1591975316,868469
1591975316,900598
1591975316,931862
1591975316,965269
1591975316,997521
1591975317,028601
1591975317,061477
1591975317,094717
1591975317,125839
1591975317,157500
1591975317,188687
1591975317,220473
1591975317,257281
1591975317,289301
1591975317,320586
1591975317,357061
1591975317,388917
1591975317,420606
1591975317,457431
1591975317,488783
1591975317,520559
1591975317,557094
1591975317,588744
1591975317,621101
1591975317,657106
1591975317,688715
1591975317,720690
1591975317,757876
1591975317,789802
1591975317,820947
1591975317,857046
1591975317,888813
1591975317,924570
1591975317,957000
1591975317,989224
1591975318,024561
1591975318,056967
1591975318,089854
1591975318,124547
1591975318,157274
1591975318,189142
1591975318,226302
1591975318,258791
1591975318,290356
1591975318,324919
1591975318,357006
1591975318,388972
1591975318,424514
1591975318,457074
1591975318,488817
1591975318,524648
1591975318,558631
1591975318,590253
1591975318,625086
1591975318,657242
1591975318,689170
1591975318,724576
1591975318,757731
1591975318,789988
1591975318,824704
1591975318,857385
1591975318,888896
1591975318,924710
1591975318,957022
1591975318,993664
1591975319,024925
1591975319,057362
1591975319,094426
1591975319,125760
1591975319,158455
1591975319,193079
1591975319,224842
1591975319,257924
1591975319,294475
1591975319,325794
1591975319,358853
1591975319,393778
1591975319,425045
1591975319,458200
1591975319,493426
1591975319,525356
1591975319,558905
1591975319,593280
1591975319,625030
1591975319,658397
1591975319,693766
1591975319,725921
1591975319,758892
1591975319,793829
1591975319,825363
1591975319,858467
1591975319,893645
1591975319,925501
1591975319,961824
1591975319,994083
1591975320,025570
1591975320,063017
1591975320,098367
1591975320,130709
1591975320,165946
1591975320,198587
1591975320,230532
1591975320,264870
1591975320,301279
1591975320,334669
1591975320,366847
1591975320,399848
1591975320,431698
1591975320,466007
1591975320,499119
1591975320,530620
1591975320,562687
1591975320,594909
1591975320,626844
1591975320,661550
1591975320,693701
1591975320,725526
1591975320,761649
1591975320,793901
1591975320,825404
1591975320,861752
1591975320,894534
1591975320,926434
1591975320,961850
1591975320,993809
1591975321,028954
1591975321,061505
1591975321,094152
1591975321,130312
1591975321,163101
1591975321,197653
1591975321,229610
1591975321,261922
1591975321,294081
1591975321,329074
1591975321,362737
1591975321,395267
1591975321,428837
1591975321,461634
1591975321,494432
1591975321,529013
1591975321,561717
1591975321,595139
1591975321,631217
1591975321,664264
1591975321,696920
1591975321,729596
1591975321,762000
1591975321,794638
1591975321,829457
1591975321,861689
1591975321,894217
1591975321,928917
1591975321,961750
1591975321,994123
1591975322,029802
1591975322,062666
1591975322,097595
1591975322,129303
1591975322,161727
1591975322,201874
1591975322,238365
1591975322,274758
1591975322,307915
1591975322,339881
1591975322,371689
1591975322,404345
1591975322,436248
1591975322,468153
1591975322,500245
1591975322,532459
1591975322,565351
1591975322,598329
1591975322,630263
1591975322,663286
1591975322,697640
1591975322,729552
1591975322,762000
1591975322,797987
1591975322,829828
1591975322,862837
1591975322,897717
1591975322,929431
1591975322,961874
1591975322,997595
1591975323,029922
1591975323,065409
1591975323,097937
1591975323,129924
1591975323,165408
1591975323,197812
1591975323,229986
1591975323,265369
1591975323,297679
1591975323,330726
1591975323,365858
1591975323,397829
1591975323,429622
1591975323,465699
1591975323,498337
1591975323,531142
1591975323,565318
1591975323,598581
1591975323,630321
1591975323,665772
1591975323,698493
1591975323,730471
1591975323,765764
1591975323,797912
1591975323,829892
1591975323,865643
1591975323,897756
1591975323,929610
1591975323,969198
1591975324,008723
1591975324,042108
1591975324,074397
1591975324,108540
1591975324,141889
1591975324,175013
1591975324,209007
1591975324,242313
1591975324,274080
1591975324,308711
1591975324,342944
1591975324,378677
1591975324,412515
1591975324,445973
1591975324,478158
1591975324,516609
1591975324,556980
1591975324,591719
1591975324,625355
1591975324,660424
1591975324,693875
1591975324,725893
1591975324,760302
1591975324,795383
1591975324,828708
1591975324,863841
1591975324,899260
1591975324,931772
1591975324,966515
1591975325,001229
1591975325,033160
1591975325,065125
1591975325,097953
1591975325,129746
1591975325,164359
1591975325,197036
1591975325,229120
1591975325,264476
1591975325,298218
1591975325,330622
1591975325,363882
1591975325,396706
1591975325,428894
1591975325,464293
1591975325,497189
1591975325,529740
1591975325,563296
1591975325,596404
1591975325,629409
1591975325,664823
1591975325,697592
1591975325,729522
1591975325,762856
1591975325,796074
1591975325,827951
1591975325,861133
1591975325,895007
1591975325,927098
1591975325,959974
1591975325,996394
1591975326,030033
1591975326,063799
1591975326,097409
1591975326,130428
1591975326,164568
1591975326,198325
1591975326,231945
1591975326,265275
1591975326,301876
1591975326,333739
1591975326,366273
1591975326,400816
1591975326,433913
1591975326,465667
1591975326,500316
1591975326,532458
1591975326,565177
1591975326,599679
1591975326,631705
1591975326,664112
1591975326,697112
1591975326,729468
1591975326,764131
1591975326,799323
1591975326,831137
1591975326,863621
1591975326,897021
1591975326,929264
1591975326,963391
1591975326,997595
1591975327,030142
1591975327,063891
1591975327,097020
1591975327,129094
1591975327,163445
1591975327,196845
1591975327,229261
1591975327,262878
1591975327,297289
1591975327,330590
1591975327,363957
1591975327,397036
1591975327,429138
1591975327,464702
1591975327,499283
1591975327,531313
1591975327,563463
1591975327,596269
1591975327,628290
1591975327,662969
1591975327,696199
1591975327,728271
1591975327,762699
1591975327,795843
1591975327,827212
1591975327,861405
1591975327,894319
1591975327,926373
1591975327,959756
1591975327,992706
1591975328,025449
1591975328,057763
1591975328,089996
1591975328,123278
1591975328,156291
1591975328,188329
1591975328,219887
1591975328,252310
1591975328,283906
1591975328,315680
1591975328,347344
1591975328,378577
1591975328,411076
1591975328,443463
1591975328,475100
1591975328,507489
1591975328,539566
1591975328,572019
1591975328,606476
1591975328,638365
1591975328,669791
1591975328,706573
1591975328,739106
1591975328,771395
1591975328,806505
1591975328,838488
1591975328,870412
1591975328,907915
1591975328,940031
1591975328,971499
1591975329,010589
1591975329,043621
1591975329,075722
1591975329,109279
1591975329,142819
1591975329,174683
1591975329,208963
1591975329,242336
1591975329,274555
1591975329,309050
1591975329,342255
1591975329,374511
1591975329,408841
1591975329,442429
1591975329,474295
1591975329,508612
1591975329,542548
1591975329,574561
1591975329,610017
1591975329,643125
1591975329,674726
1591975329,710133
1591975329,744787
1591975329,776654
1591975329,811429
1591975329,844738
1591975329,876745
1591975329,911746
1591975329,945617
1591975329,978662
1591975330,012450
1591975330,045326
1591975330,077362
1591975330,110466
1591975330,142650
1591975330,174087
1591975330,208014
1591975330,241030
1591975330,274164
1591975330,308508
1591975330,343355
1591975330,375661
1591975330,408188
1591975330,443490
1591975330,476082
1591975330,509048
1591975330,541748
1591975330,574262
1591975330,606565
1591975330,641826
1591975330,673251
1591975330,707529
1591975330,741503
1591975330,774310
1591975330,806256
1591975330,841812
1591975330,874329
1591975330,906419
1591975330,941789
1591975330,973035
1591975331,005991
1591975331,041612
1591975331,072792
1591975331,105826
1591975331,142095
1591975331,175014
1591975331,208480
1591975331,242054
1591975331,273127
1591975331,305897
1591975331,341937
1591975331,374835
1591975331,407096
1591975331,441614
1591975331,472792
1591975331,509577
1591975331,541791
1591975331,573180
1591975331,609931
1591975331,642516
1591975331,674297
1591975331,709380
1591975331,742227
1591975331,773911
1591975331,809204
1591975331,841797
1591975331,873455
1591975331,909329
1591975331,941792
1591975331,975139
1591975332,009460
1591975332,042206
1591975332,073948
1591975332,109275
1591975332,141936
1591975332,173355
1591975332,209322
1591975332,242348
1591975332,274290
1591975332,309067
1591975332,341635
1591975332,373412
1591975332,409481
1591975332,441849
1591975332,476549
1591975332,509987
1591975332,544019
1591975332,576650
1591975332,610939
1591975332,644873
1591975332,677629
1591975332,709349
1591975332,741657
1591975332,776465
1591975332,809547
1591975332,842235
1591975332,876583
1591975332,909791
1591975332,942548
1591975332,977545
1591975333,010309
1591975333,042622
1591975333,077699
1591975333,109908
1591975333,142250
1591975333,176815
1591975333,210450
1591975333,244652
1591975333,276738
1591975333,309909
1591975333,342372
1591975333,376728
1591975333,409999
1591975333,443783
1591975333,476716
1591975333,509390
1591975333,546624
1591975333,577821
1591975333,611346
1591975333,645085
1591975333,677022
1591975333,709497
1591975333,744905
1591975333,776638
1591975333,809332
1591975333,845322
1591975333,876722
1591975333,909963
1591975333,944907
1591975333,976723
1591975334,009634
1591975334,045385
1591975334,077294
1591975334,110064
1591975334,144904
1591975334,176582
1591975334,209417
1591975334,249762
1591975334,285650
1591975334,319673
1591975334,352489
1591975334,384630
1591975334,417886
1591975334,450914
1591975334,482492
1591975334,514036
1591975334,546465
1591975334,579192
1591975334,613035
1591975334,645321
1591975334,676892
1591975334,714337
1591975334,747139
1591975334,778766
1591975334,812874
1591975334,845695
1591975334,877290
1591975334,912772
1591975334,945593
1591975334,977147
1591975335,012847
1591975335,045331
1591975335,077118
1591975335,113099
1591975335,145806
1591975335,177562
1591975335,213305
1591975335,245667
1591975335,277621
1591975335,313092
1591975335,345881
1591975335,377796
1591975335,413013
1591975335,445487
1591975335,477191
1591975335,512952
1591975335,546733
1591975335,581133
1591975335,614793
1591975335,654036
1591975335,691018
1591975335,723106
1591975335,755881
1591975335,788746
1591975335,820544
1591975335,853555
1591975335,885771
1591975335,917443
1591975335,950744
1591975335,982710
1591975336,014134
1591975336,046632
1591975336,081167
1591975336,112895
1591975336,145346
1591975336,181148
1591975336,213167
1591975336,247449
1591975336,281340
1591975336,312885
1591975336,346461
1591975336,380788
1591975336,412810
1591975336,447358
1591975336,481327
1591975336,514532
1591975336,548016
1591975336,581874
1591975336,614468
1591975336,650931
1591975336,682674
1591975336,714157
1591975336,750485
1591975336,782086
1591975336,813451
1591975336,850309
1591975336,881985
1591975336,913538
1591975336,950493
1591975336,982207
1591975337,013561
1591975337,050238
1591975337,081906
1591975337,113330
1591975337,150088
1591975337,181968
1591975337,213349
1591975337,250207
1591975337,282261
1591975337,314692
1591975337,350339
1591975337,381974
1591975337,413444
1591975337,450524
1591975337,481926
1591975337,513477
1591975337,550213
1591975337,582131
1591975337,615021
1591975337,650995
1591975337,682834
1591975337,716699
1591975337,750140
1591975337,782572
1591975337,817928
1591975337,850870
1591975337,882689
1591975337,916801
1591975337,950380
1591975337,982249
1591975338,016857
1591975338,050076
1591975338,081995
1591975338,116833
1591975338,150452
1591975338,182087
1591975338,216795
1591975338,250125
1591975338,282163
1591975338,317207
1591975338,350098
1591975338,382210
1591975338,416740
1591975338,450510
1591975338,482816
1591975338,516820
1591975338,550310
1591975338,582250
1591975338,616904
1591975338,650190
1591975338,682095
1591975338,717083
1591975338,750055
1591975338,786069
1591975338,817497
1591975338,850158
1591975338,885618
1591975338,917004
1591975338,950535
1591975338,986795
1591975339,018416
1591975339,051610
1591975339,086864
1591975339,118525
1591975339,151411
1591975339,185282
1591975339,216624
1591975339,250121
1591975339,285204
1591975339,316632
1591975339,350080
1591975339,385274
1591975339,416724
1591975339,450349
1591975339,485930
1591975339,517310
1591975339,550387
1591975339,585456
1591975339,616967
1591975339,650082
1591975339,685517
1591975339,717070
1591975339,753395
1591975339,785542
1591975339,817180
1591975339,853515
1591975339,885944
1591975339,917540
1591975339,953448
1591975339,985710
1591975340,017474
1591975340,053399
1591975340,085706
1591975340,117842
1591975340,153680
1591975340,186074
1591975340,217578
1591975340,253951
1591975340,286411
1591975340,317857
1591975340,353849
1591975340,386718
1591975340,418233
1591975340,458091
1591975340,494350
1591975340,530134
1591975340,565966
1591975340,598894
1591975340,630825
1591975340,662383
1591975340,694815
1591975340,726256
1591975340,759183
1591975340,791552
1591975340,823495
1591975340,855829
1591975340,888226
1591975340,920616
1591975340,954092
1591975340,986886
1591975341,020699
1591975341,054033
1591975341,086453
1591975341,120621
1591975341,154119
1591975341,186723
1591975341,220727
1591975341,254427
1591975341,286762
1591975341,320510
1591975341,355366
1591975341,388107
1591975341,420509
1591975341,454192
1591975341,486756
1591975341,520614
1591975341,554498
1591975341,587767
1591975341,620634
1591975341,654768
1591975341,687628
1591975341,720839
1591975341,754465
1591975341,786762
1591975341,820627
1591975341,854830
1591975341,889361
1591975341,921163
1591975341,955692
1591975341,989524
1591975342,021044
1591975342,054193
1591975342,089082
1591975342,120719
1591975342,154233
1591975342,188993
1591975342,220729
1591975342,254196
1591975342,289085
1591975342,320678
1591975342,354103
1591975342,389173
1591975342,420643
1591975342,453823
1591975342,489664
1591975342,521165
1591975342,553806
1591975342,589134
1591975342,620564
1591975342,654083
1591975342,689129
1591975342,720525
1591975342,754211
1591975342,789124
1591975342,820640
1591975342,853868
1591975342,889156
1591975342,920627
1591975342,957873
1591975342,989669
1591975343,021127
1591975343,056623
1591975343,089437
1591975343,120914
1591975343,156606
1591975343,189383
1591975343,220891
1591975343,257669
1591975343,289776
1591975343,321650
1591975343,357862
1591975343,390269
1591975343,421788
1591975343,456936
1591975343,489143
1591975343,520667
1591975343,557000
1591975343,589234
1591975343,620733
1591975343,656723
1591975343,689062
1591975343,720724
1591975343,756804
1591975343,788976
1591975343,820657
1591975343,856718
1591975343,889127
1591975343,924640
1591975343,956732
1591975343,989226
1591975344,024751
1591975344,056781
1591975344,089073
1591975344,124831
1591975344,156716
1591975344,189076
1591975344,224771
1591975344,256748
1591975344,288853
1591975344,325066
1591975344,357040
1591975344,389073
1591975344,426165
1591975344,457433
1591975344,490571
1591975344,525349
1591975344,558340
1591975344,590352
1591975344,624549
1591975344,656827
1591975344,689495
1591975344,724816
1591975344,756818
1591975344,789420
1591975344,824551
1591975344,856866
1591975344,889313
1591975344,925753
1591975344,957043
1591975344,993359
1591975345,024873
1591975345,056557
1591975345,093421
1591975345,125081
1591975345,156701
1591975345,193448
1591975345,225380
1591975345,256649
1591975345,294502
1591975345,326788
1591975345,358083
1591975345,394472
1591975345,427182
1591975345,458464
1591975345,493407
1591975345,525283
1591975345,556794
1591975345,593742
1591975345,625080
1591975345,657113
1591975345,694672
1591975345,726028
1591975345,757394
1591975345,793593
1591975345,825531
1591975345,858248
1591975345,893742
1591975345,925053
1591975345,956879
1591975345,993148
1591975346,024894
1591975346,060832
1591975346,093138
1591975346,125351
1591975346,160846
1591975346,193296
1591975346,224961
1591975346,260818
1591975346,293476
1591975346,325258
1591975346,360924
1591975346,393776
1591975346,425402
1591975346,460839
1591975346,493273
1591975346,525092
1591975346,560707
1591975346,593135
1591975346,625022
1591975346,661038
1591975346,693041
1591975346,726295
1591975346,761267
1591975346,794289
1591975346,826463
1591975346,860821
1591975346,893126
1591975346,925075
1591975346,960840
1591975346,993274
1591975347,025195
1591975347,060979
1591975347,096424
1591975347,131247
1591975347,162996
1591975347,198236
1591975347,230601
1591975347,262367
1591975347,295482
1591975347,330183
1591975347,362119
1591975347,395506
1591975347,430729
1591975347,462436
1591975347,495653
1591975347,529358
1591975347,561251
1591975347,594075
1591975347,629672
1591975347,661363
1591975347,694651
1591975347,730504
1591975347,762420
1591975347,795637
1591975347,830223
1591975347,862082
1591975347,895528
1591975347,929868
1591975347,961672
1591975347,995064
1591975348,029445
1591975348,060991
1591975348,097927
1591975348,130230
1591975348,161844
1591975348,197608
1591975348,229125
1591975348,260831
1591975348,297564
