1591975532,632911
1591975532,665469
1591975532,697993
1591975532,729407
1591975532,762482
1591975532,794007
1591975532,825435
1591975532,857215
1591975532,888660
1591975532,920359
1591975532,952689
1591975532,983824
1591975533,017097
1591975533,051038
1591975533,082834
1591975533,116490
1591975533,149452
1591975533,181173
1591975533,218096
1591975533,258707
1591975533,291995
1591975533,323689
1591975533,356636
1591975533,389555
1591975533,422097
1591975533,458243
1591975533,491276
1591975533,522909
1591975533,560229
1591975533,592398
1591975533,624018
1591975533,657443
1591975533,690545
1591975533,722279
1591975533,759090
1591975533,792877
1591975533,824626
1591975533,858845
1591975533,890563
1591975533,921353
1591975533,955625
1591975533,987348
1591975534,018312
1591975534,052624
1591975534,082892
1591975534,117629
1591975534,156695
1591975534,189283
1591975534,222270
1591975534,255082
1591975534,286362
1591975534,317954
1591975534,352585
1591975534,382419
1591975534,416847
1591975534,453259
1591975534,483470
1591975534,517009
1591975534,551017
1591975534,581428
1591975534,616882
1591975534,648344
1591975534,680493
1591975534,713970
1591975534,753351
1591975534,784629
1591975534,820628
1591975534,855078
1591975534,886138
1591975534,917554
1591975534,951807
1591975534,981632
1591975535,015035
1591975535,048602
1591975535,079257
1591975535,113125
1591975535,146259
1591975535,178261
1591975535,211268
1591975535,245028
1591975535,276814
1591975535,310668
1591975535,343632
1591975535,375471
1591975535,410087
1591975535,443573
1591975535,475464
1591975535,510294
1591975535,543027
1591975535,575600
1591975535,612494
1591975535,647690
1591975535,683394
1591975535,717290
1591975535,752268
1591975535,782347
1591975535,816355
1591975535,851060
1591975535,881209
1591975535,915380
1591975535,951814
1591975535,982580
1591975536,016848
1591975536,051828
1591975536,081715
1591975536,116277
1591975536,151397
1591975536,181661
1591975536,216124
1591975536,250996
1591975536,280802
1591975536,314299
1591975536,350181
1591975536,386398
1591975536,420676
1591975536,454059
1591975536,486964
1591975536,522527
1591975536,561857
1591975536,603148
1591975536,633249
1591975536,666442
1591975536,701917
1591975536,731910
1591975536,765982
1591975536,800444
1591975536,831792
1591975536,864605
1591975536,898556
1591975536,928603
1591975536,962313
1591975536,994452
1591975537,025753
1591975537,058283
1591975537,090080
1591975537,121399
1591975537,153535
1591975537,184761
1591975537,216792
1591975537,248637
1591975537,280400
1591975537,313411
1591975537,345755
1591975537,377092
1591975537,409806
1591975537,441589
1591975537,472958
1591975537,504904
1591975537,536350
1591975537,567682
1591975537,600365
1591975537,631524
1591975537,664613
1591975537,697726
1591975537,731218
1591975537,767200
1591975537,802421
1591975537,832303
1591975537,865811
1591975537,900826
1591975537,930992
1591975537,965631
1591975538,000751
1591975538,030870
1591975538,068384
1591975538,101427
1591975538,131626
1591975538,165742
1591975538,200806
1591975538,230717
1591975538,265374
1591975538,300812
1591975538,333606
1591975538,367776
1591975538,403089
1591975538,434512
1591975538,465889
1591975538,501023
1591975538,530884
1591975538,565573
1591975538,600369
1591975538,630662
1591975538,665404
1591975538,699860
1591975538,729896
1591975538,763644
1591975538,797335
1591975538,827730
1591975538,861161
1591975538,893430
1591975538,924666
1591975538,957414
1591975538,989023
1591975539,020446
1591975539,052456
1591975539,083876
1591975539,116101
1591975539,148041
1591975539,179061
1591975539,211948
1591975539,244468
1591975539,276131
1591975539,308921
1591975539,340814
1591975539,372302
1591975539,406595
1591975539,438294
1591975539,469890
1591975539,502267
1591975539,533421
1591975539,568522
1591975539,601275
1591975539,632364
1591975539,668162
1591975539,701425
1591975539,732941
1591975539,768453
1591975539,801414
1591975539,836393
1591975539,868419
1591975539,901557
1591975539,937224
1591975539,968292
1591975540,001243
1591975540,036731
1591975540,068636
1591975540,103766
1591975540,136611
1591975540,168519
1591975540,201226
1591975540,238178
1591975540,270488
1591975540,303244
1591975540,337454
1591975540,368322
1591975540,402921
1591975540,437587
1591975540,468735
1591975540,502716
1591975540,537163
1591975540,568431
1591975540,602697
1591975540,637405
1591975540,668404
1591975540,704101
1591975540,739416
1591975540,770210
1591975540,803786
1591975540,837422
1591975540,868568
1591975540,907635
1591975540,940610
1591975540,972213
1591975541,007616
1591975541,040127
1591975541,071892
1591975541,107889
1591975541,140465
1591975541,172052
1591975541,207604
1591975541,240760
1591975541,272431
1591975541,308979
1591975541,345773
1591975541,376868
1591975541,410890
1591975541,444858
1591975541,475934
1591975541,509993
1591975541,544659
1591975541,575406
1591975541,609481
1591975541,642912
1591975541,674486
1591975541,707733
1591975541,740110
1591975541,772040
1591975541,808491
1591975541,841568
1591975541,873033
1591975541,909022
1591975541,942204
1591975541,974093
1591975542,007339
1591975542,039242
1591975542,072503
1591975542,106204
1591975542,138383
1591975542,173150
1591975542,207428
1591975542,239647
1591975542,273133
1591975542,305799
1591975542,338233
1591975542,372446
1591975542,406220
1591975542,438713
1591975542,473885
1591975542,506885
1591975542,538753
1591975542,572937
1591975542,605925
1591975542,638233
1591975542,672381
1591975542,705608
1591975542,739663
1591975542,774307
1591975542,810461
1591975542,848449
1591975542,882280
1591975542,916820
1591975542,953535
1591975542,984759
1591975543,015668
1591975543,050497
1591975543,084112
1591975543,117889
1591975543,153037
1591975543,184981
1591975543,216720
1591975543,251963
1591975543,284539
1591975543,318558
1591975543,357860
1591975543,394723
1591975543,427902
1591975543,464722
1591975543,500290
1591975543,530916
1591975543,563343
1591975543,598571
1591975543,628504
1591975543,662600
1591975543,698133
1591975543,731027
1591975543,763217
1591975543,802913
1591975543,837153
1591975543,870348
1591975543,908119
1591975543,946020
1591975543,975996
1591975544,010075
1591975544,044513
1591975544,075165
1591975544,109044
1591975544,142848
1591975544,174770
1591975544,211792
1591975544,249693
1591975544,280527
1591975544,314910
1591975544,352216
1591975544,382926
1591975544,413889
1591975544,448417
1591975544,478713
1591975544,512979
1591975544,547344
1591975544,577957
1591975544,615271
1591975544,653664
1591975544,684635
1591975544,715476
1591975544,749888
1591975544,780597
1591975544,812222
1591975544,846280
1591975544,876386
1591975544,910123
1591975544,943496
1591975544,973836
1591975545,007006
1591975545,039681
1591975545,071007
1591975545,105169
1591975545,137086
1591975545,168428
1591975545,201314
1591975545,234197
1591975545,265897
1591975545,299186
1591975545,332235
1591975545,363528
1591975545,397801
1591975545,428994
1591975545,462314
1591975545,494714
1591975545,525937
1591975545,558619
1591975545,590411
1591975545,622541
1591975545,655137
1591975545,686791
1591975545,717889
1591975545,750004
1591975545,781495
1591975545,813071
1591975545,844918
1591975545,876461
1591975545,910671
1591975545,943374
1591975545,976323
1591975546,010081
1591975546,043000
1591975546,076288
1591975546,111615
1591975546,145348
1591975546,176801
1591975546,210507
1591975546,244920
1591975546,276412
1591975546,310591
1591975546,344668
1591975546,376497
1591975546,410280
1591975546,444828
1591975546,476754
1591975546,510252
1591975546,544916
1591975546,576305
1591975546,610394
1591975546,645216
1591975546,676503
1591975546,712579
1591975546,745319
1591975546,776483
1591975546,810575
1591975546,844895
1591975546,876454
1591975546,910703
1591975546,945069
1591975546,976398
1591975547,010049
1591975547,044828
1591975547,076593
1591975547,110445
1591975547,144859
1591975547,176452
1591975547,212344
1591975547,245130
1591975547,276437
1591975547,312916
1591975547,345340
1591975547,376536
1591975547,412144
1591975547,445056
1591975547,476778
1591975547,512568
1591975547,545198
1591975547,576412
1591975547,612492
1591975547,644891
1591975547,676714
1591975547,712315
1591975547,745210
1591975547,776609
1591975547,812330
1591975547,844966
1591975547,876443
1591975547,912162
1591975547,945240
1591975547,976568
1591975548,012163
1591975548,045169
1591975548,076719
1591975548,112220
1591975548,145108
1591975548,180197
1591975548,212348
1591975548,245533
1591975548,284759
1591975548,316210
1591975548,349877
1591975548,382158
1591975548,413704
1591975548,448383
1591975548,481376
1591975548,512782
1591975548,548408
1591975548,581538
1591975548,613576
1591975548,648503
1591975548,682737
1591975548,714026
1591975548,748380
1591975548,781579
1591975548,813145
1591975548,850965
1591975548,883280
1591975548,916663
1591975548,950524
1591975548,982821
1591975549,014254
1591975549,048066
1591975549,081415
1591975549,112689
1591975549,148648
1591975549,182122
1591975549,213585
1591975549,250970
1591975549,283398
1591975549,314594
1591975549,350405
1591975549,382354
1591975549,413751
1591975549,448799
1591975549,480706
1591975549,512615
1591975549,549249
1591975549,580652
1591975549,614085
1591975549,648818
1591975549,681580
1591975549,712830
1591975549,748840
1591975549,780643
1591975549,813200
1591975549,848992
1591975549,880569
1591975549,912630
1591975549,948816
1591975549,980603
1591975550,013631
1591975550,048873
1591975550,080607
1591975550,112638
1591975550,149022
1591975550,181879
1591975550,214755
1591975550,248965
1591975550,280858
1591975550,317007
1591975550,349033
1591975550,381281
1591975550,416690
1591975550,448950
1591975550,481034
1591975550,516633
1591975550,549961
1591975550,581479
1591975550,616673
1591975550,649283
1591975550,681811
1591975550,717450
1591975550,751645
1591975550,783656
1591975550,817035
1591975550,849814
1591975550,881908
1591975550,916820
1591975550,949195
1591975550,981007
1591975551,017113
1591975551,049270
1591975551,081107
1591975551,116719
1591975551,149027
1591975551,181541
1591975551,216721
1591975551,249275
1591975551,281753
1591975551,316665
1591975551,349277
1591975551,385089
1591975551,416828
1591975551,449015
1591975551,484976
1591975551,517024
1591975551,549070
1591975551,584940
1591975551,617336
1591975551,649358
1591975551,684862
1591975551,716916
1591975551,749957
1591975551,785083
1591975551,816769
1591975551,850373
1591975551,884917
1591975551,917064
1591975551,950069
1591975551,985224
1591975552,016822
1591975552,050303
1591975552,084986
1591975552,116927
1591975552,150707
1591975552,184940
1591975552,220547
1591975552,256885
1591975552,293331
1591975552,328870
1591975552,364906
1591975552,400974
1591975552,437078
1591975552,473220
1591975552,510162
1591975552,546234
1591975552,581737
1591975552,618237
1591975552,655111
1591975552,691686
1591975552,727375
1591975552,763657
1591975552,799901
1591975552,835836
1591975552,871617
1591975552,908235
1591975552,944277
1591975552,979995
1591975553,015671
1591975553,052824
1591975553,089038
1591975553,124710
1591975553,161254
1591975553,197350
1591975553,233322
1591975553,268019
1591975553,300189
1591975553,332337
1591975553,363524
1591975553,395513
1591975553,426643
1591975553,458673
1591975553,490850
1591975553,521913
1591975553,554207
1591975553,586313
1591975553,618370
1591975553,651086
1591975553,682593
1591975553,713740
1591975553,745864
1591975553,777120
1591975553,808840
1591975553,841184
1591975553,872328
1591975553,904844
1591975553,937112
1591975553,968419
1591975554,000824
1591975554,032336
1591975554,063848
1591975554,095821
1591975554,127141
1591975554,158743
1591975554,190611
1591975554,221793
1591975554,254045
1591975554,286289
1591975554,317606
1591975554,350584
1591975554,382208
1591975554,413337
1591975554,445439
1591975554,477012
1591975554,508642
1591975554,540329
1591975554,571924
1591975554,604794
1591975554,637404
1591975554,669185
1591975554,701961
1591975554,733763
1591975554,764951
1591975554,796402
1591975554,828377
1591975554,859947
1591975554,891824
1591975554,922881
1591975554,955914
1591975554,989643
1591975555,020941
1591975555,053470
1591975555,089147
1591975555,121063
1591975555,153481
1591975555,189060
1591975555,220578
1591975555,253584
1591975555,289496
1591975555,320744
1591975555,353466
1591975555,389329
1591975555,421141
1591975555,454070
1591975555,489281
1591975555,521435
1591975555,557267
1591975555,589438
1591975555,621727
1591975555,659283
1591975555,692340
1591975555,723444
1591975555,757360
1591975555,789787
1591975555,820843
1591975555,857077
1591975555,889724
1591975555,920724
1591975555,956756
1591975555,989780
1591975556,021049
1591975556,056879
1591975556,089592
1591975556,120782
1591975556,156881
1591975556,189513
1591975556,220834
1591975556,256835
1591975556,290154
1591975556,321317
1591975556,357131
1591975556,389505
1591975556,420667
1591975556,456922
1591975556,489663
1591975556,520783
1591975556,557084
1591975556,589417
1591975556,624425
1591975556,657237
1591975556,689373
1591975556,724292
1591975556,757149
1591975556,789264
1591975556,824419
1591975556,857171
1591975556,889143
1591975556,924237
1591975556,957226
1591975556,989356
1591975557,024252
1591975557,057633
1591975557,089550
1591975557,125268
1591975557,157274
1591975557,189527
1591975557,224260
1591975557,257122
1591975557,289235
1591975557,324394
1591975557,357200
1591975557,389086
1591975557,424319
1591975557,457101
1591975557,489507
1591975557,524257
1591975557,557195
1591975557,589579
1591975557,624272
1591975557,657120
1591975557,693211
1591975557,724531
1591975557,756884
1591975557,793083
1591975557,824474
1591975557,856902
1591975557,893621
1591975557,924950
1591975557,956959
1591975557,993137
1591975558,024429
1591975558,056910
1591975558,092939
1591975558,124526
1591975558,157006
1591975558,193109
1591975558,224523
1591975558,257066
1591975558,292859
1591975558,324630
1591975558,356998
1591975558,393207
1591975558,424471
1591975558,456747
1591975558,493468
1591975558,524577
1591975558,556931
1591975558,592929
1591975558,624301
1591975558,660163
1591975558,693283
1591975558,724514
1591975558,760183
1591975558,793231
1591975558,824452
1591975558,860090
1591975558,892886
1591975558,924479
1591975558,960432
1591975558,993366
1591975559,024797
1591975559,060174
1591975559,093823
1591975559,125074
1591975559,160261
1591975559,193775
1591975559,225086
1591975559,260222
1591975559,293187
1591975559,324407
1591975559,360007
1591975559,393141
1591975559,424447
1591975559,460534
1591975559,493163
1591975559,524429
1591975559,560031
1591975559,593204
1591975559,624381
1591975559,660924
1591975559,693178
1591975559,728458
1591975559,760562
1591975559,793049
1591975559,828455
1591975559,860816
1591975559,893734
1591975559,928225
1591975559,960244
1591975559,993296
1591975560,028419
1591975560,060880
1591975560,093707
1591975560,128437
1591975560,160220
1591975560,193470
1591975560,228587
1591975560,260242
1591975560,294241
1591975560,328923
1591975560,360222
1591975560,392837
1591975560,428421
1591975560,460536
1591975560,492836
1591975560,528511
1591975560,561181
1591975560,593227
1591975560,628595
1591975560,660275
1591975560,692991
1591975560,728940
1591975560,760334
1591975560,797439
1591975560,829766
1591975560,860811
1591975560,897698
1591975560,929116
1591975560,960207
1591975560,997430
1591975561,029140
1591975561,060292
1591975561,097719
1591975561,129356
1591975561,160623
1591975561,197625
1591975561,229056
1591975561,260209
1591975561,297295
1591975561,328996
1591975561,360230
1591975561,397376
1591975561,428771
1591975561,460166
1591975561,497395
1591975561,529017
1591975561,560312
1591975561,597809
1591975561,629884
1591975561,660998
1591975561,697647
1591975561,729496
1591975561,760442
1591975561,797496
1591975561,829369
1591975561,864211
1591975561,897815
1591975561,929468
1591975561,964351
1591975561,997849
1591975562,029485
1591975562,064119
1591975562,097956
1591975562,129933
1591975562,164284
1591975562,198063
1591975562,229849
1591975562,264246
1591975562,297864
1591975562,329644
1591975562,364698
1591975562,398046
1591975562,430220
1591975562,464624
1591975562,497711
1591975562,529275
1591975562,564135
1591975562,597759
1591975562,629645
1591975562,664271
1591975562,697976
1591975562,729402
1591975562,764170
1591975562,798229
1591975562,829681
1591975562,864142
1591975562,897883
1591975562,933410
1591975562,964832
1591975562,997958
1591975563,033614
1591975563,064771
1591975563,097892
1591975563,133172
1591975563,164480
1591975563,197888
1591975563,233010
1591975563,264523
1591975563,297874
1591975563,333194
1591975563,364286
1591975563,397923
1591975563,433751
1591975563,465119
1591975563,497751
1591975563,533532
1591975563,564795
1591975563,597809
1591975563,633024
1591975563,664307
1591975563,697725
1591975563,733263
1591975563,764511
1591975563,797669
1591975563,833136
1591975563,864366
1591975563,901261
1591975563,933649
1591975563,964904
1591975564,001264
1591975564,033762
1591975564,064912
1591975564,101602
1591975564,134140
1591975564,165104
1591975564,201154
1591975564,233764
1591975564,264969
1591975564,301734
1591975564,334288
1591975564,365310
1591975564,401129
1591975564,433940
1591975564,465146
1591975564,501333
1591975564,533812
1591975564,565194
1591975564,601489
1591975564,639729
1591975564,670560
1591975564,702797
1591975564,740151
1591975564,772261
1591975564,803142
1591975564,837927
1591975564,868025
1591975564,902986
1591975564,937774
1591975564,969249
1591975565,002500
1591975565,037527
1591975565,070006
1591975565,102516
1591975565,137200
1591975565,170005
1591975565,202727
1591975565,237659
1591975565,269372
1591975565,302456
1591975565,337338
1591975565,368934
1591975565,402596
1591975565,437788
1591975565,469633
1591975565,502524
1591975565,537380
1591975565,569936
1591975565,602421
1591975565,637037
1591975565,668759
1591975565,702300
1591975565,737152
1591975565,768749
1591975565,802282
1591975565,836768
1591975565,868692
1591975565,901938
