1591975690,654032
1591975690,685877
1591975690,717613
1591975690,748912
1591975690,781035
1591975690,813252
1591975690,844631
1591975690,876966
1591975690,908453
1591975690,941009
1591975690,972658
1591975691,003677
1591975691,035618
1591975691,067417
1591975691,098545
1591975691,130651
1591975691,162547
1591975691,193650
1591975691,226639
1591975691,258079
1591975691,289672
1591975691,321391
1591975691,352440
1591975691,384502
1591975691,416904
1591975691,448530
1591975691,480735
1591975691,512650
1591975691,544982
1591975691,577675
1591975691,610035
1591975691,641512
1591975691,673793
1591975691,705266
1591975691,737060
1591975691,770079
1591975691,801485
1591975691,833848
1591975691,866436
1591975691,898092
1591975691,930500
1591975691,962667
1591975691,994219
1591975692,026855
1591975692,059090
1591975692,090502
1591975692,122644
1591975692,154287
1591975692,185892
1591975692,217726
1591975692,249247
1591975692,282661
1591975692,315028
1591975692,346586
1591975692,378923
1591975692,410678
1591975692,441760
1591975692,474707
1591975692,510412
1591975692,541684
1591975692,575089
1591975692,611406
1591975692,642352
1591975692,675150
1591975692,711219
1591975692,744866
1591975692,777488
1591975692,810330
1591975692,841918
1591975692,876946
1591975692,910408
1591975692,941975
1591975692,977029
1591975693,010791
1591975693,042032
1591975693,077383
1591975693,110861
1591975693,142038
1591975693,176857
1591975693,210702
1591975693,242042
1591975693,275684
1591975693,311115
1591975693,342382
1591975693,379131
1591975693,412162
1591975693,443875
1591975693,479235
1591975693,511467
1591975693,543321
1591975693,580481
1591975693,614275
1591975693,646147
1591975693,679275
1591975693,711582
1591975693,743296
1591975693,779894
1591975693,813753
1591975693,845615
1591975693,878953
1591975693,911394
1591975693,943176
1591975693,979181
1591975694,011840
1591975694,043612
1591975694,079147
1591975694,111679
1591975694,143533
1591975694,180098
1591975694,213864
1591975694,245971
1591975694,279219
1591975694,311893
1591975694,343952
1591975694,379955
1591975694,412344
1591975694,446006
1591975694,479192
1591975694,511928
1591975694,546151
1591975694,579067
1591975694,611305
1591975694,646008
1591975694,679062
1591975694,711478
1591975694,746186
1591975694,778977
1591975694,810927
1591975694,846004
1591975694,878989
1591975694,911247
1591975694,947500
1591975694,979563
1591975695,012280
1591975695,046021
1591975695,078635
1591975695,110739
1591975695,145949
1591975695,178861
1591975695,211596
1591975695,245982
1591975695,279885
1591975695,312243
1591975695,346031
1591975695,379067
1591975695,415065
1591975695,446772
1591975695,479650
1591975695,514970
1591975695,546658
1591975695,578897
1591975695,615532
1591975695,647125
1591975695,679425
1591975695,715012
1591975695,748292
1591975695,781302
1591975695,815296
1591975695,846980
1591975695,879433
1591975695,915071
1591975695,946777
1591975695,979419
1591975696,014913
1591975696,046634
1591975696,079400
1591975696,115207
1591975696,146795
1591975696,179351
1591975696,214894
1591975696,246548
1591975696,279149
1591975696,314903
1591975696,346482
1591975696,378705
1591975696,414851
1591975696,446146
1591975696,482462
1591975696,514559
1591975696,546003
1591975696,582448
1591975696,614838
1591975696,646076
1591975696,682649
1591975696,714731
1591975696,746034
1591975696,782775
1591975696,814697
1591975696,846037
1591975696,882505
1591975696,915006
1591975696,946191
1591975696,982458
1591975697,016012
1591975697,047293
1591975697,082700
1591975697,116428
1591975697,147592
1591975697,182517
1591975697,214817
1591975697,246082
1591975697,282627
1591975697,314711
1591975697,346095
1591975697,382874
1591975697,414944
1591975697,446666
1591975697,482874
1591975697,514885
1591975697,550302
1591975697,582894
1591975697,615110
1591975697,650215
1591975697,684888
1591975697,716866
1591975697,750458
1591975697,783340
1591975697,815717
1591975697,850744
1591975697,883046
1591975697,914969
1591975697,950174
1591975697,982907
1591975698,014895
1591975698,050479
1591975698,082802
1591975698,115102
1591975698,150162
1591975698,184373
1591975698,216322
1591975698,250186
1591975698,283332
1591975698,315447
1591975698,350327
1591975698,382601
1591975698,414647
1591975698,450178
1591975698,482609
1591975698,518757
1591975698,550413
1591975698,582648
1591975698,619838
1591975698,651482
1591975698,683258
1591975698,718941
1591975698,750657
1591975698,782609
1591975698,819951
1591975698,852901
1591975698,884655
1591975698,918863
1591975698,950479
1591975698,982492
1591975699,018677
1591975699,050351
1591975699,082430
1591975699,119347
1591975699,151535
1591975699,183395
1591975699,219388
1591975699,251511
1591975699,283392
1591975699,319077
1591975699,350706
1591975699,382613
1591975699,418833
1591975699,450453
1591975699,483654
1591975699,518692
1591975699,550745
1591975699,586249
1591975699,619153
1591975699,650793
1591975699,686456
1591975699,718865
1591975699,750839
1591975699,786259
1591975699,819359
1591975699,850738
1591975699,887985
1591975699,920585
1591975699,952480
1591975699,986259
1591975700,018831
1591975700,050205
1591975700,086448
1591975700,119244
1591975700,151283
1591975700,187653
1591975700,219415
1591975700,251009
1591975700,286416
1591975700,319304
1591975700,351030
1591975700,386181
1591975700,418811
1591975700,450217
1591975700,486673
1591975700,518758
1591975700,551106
1591975700,586467
1591975700,619790
1591975700,654710
1591975700,687704
1591975700,720080
1591975700,756627
1591975700,788036
1591975700,819701
1591975700,854627
1591975700,887824
1591975700,919444
1591975700,956848
1591975700,989741
1591975701,022337
1591975701,054823
1591975701,086208
1591975701,119930
1591975701,155135
1591975701,186744
1591975701,218863
1591975701,254508
1591975701,286197
1591975701,318774
1591975701,355047
1591975701,389621
1591975701,425782
1591975701,460996
1591975701,495354
1591975701,531328
1591975701,565733
1591975701,601784
1591975701,636381
1591975701,672958
1591975701,707553
1591975701,743000
1591975701,778458
1591975701,813706
1591975701,847905
1591975701,882917
1591975701,918155
1591975701,952819
1591975701,986895
1591975702,023216
1591975702,058588
1591975702,092718
1591975702,127889
1591975702,162887
1591975702,197153
1591975702,232672
1591975702,267134
1591975702,301435
1591975702,335469
1591975702,369011
1591975702,400306
1591975702,431377
1591975702,462829
1591975702,494013
1591975702,526270
1591975702,558353
1591975702,589488
1591975702,621977
1591975702,653470
1591975702,684556
1591975702,716387
1591975702,747902
1591975702,779745
1591975702,811557
1591975702,842718
1591975702,875032
1591975702,907022
1591975702,938192
1591975702,970882
1591975703,002035
1591975703,033105
1591975703,064775
1591975703,095884
1591975703,127916
1591975703,160038
1591975703,191323
1591975703,223584
1591975703,255685
1591975703,290041
1591975703,323312
1591975703,354898
1591975703,390426
1591975703,423414
1591975703,455183
1591975703,490353
1591975703,523206
1591975703,554812
1591975703,590469
1591975703,623285
1591975703,654806
1591975703,689987
1591975703,723355
1591975703,758841
1591975703,790555
1591975703,823372
1591975703,858963
1591975703,890705
1591975703,923377
1591975703,958949
1591975703,990075
1591975704,023101
1591975704,059293
1591975704,090852
1591975704,123107
1591975704,158908
1591975704,190322
1591975704,223177
1591975704,260329
1591975704,291641
1591975704,323584
1591975704,358967
1591975704,390817
1591975704,424642
1591975704,458980
1591975704,490518
1591975704,523010
1591975704,558968
1591975704,590358
1591975704,623003
1591975704,659364
1591975704,690739
1591975704,722895
1591975704,758886
1591975704,790040
1591975704,826880
1591975704,859084
1591975704,890237
1591975704,926726
1591975704,959062
1591975704,990421
1591975705,026684
1591975705,059237
1591975705,090600
1591975705,128548
1591975705,160538
1591975705,191623
1591975705,227006
1591975705,259286
1591975705,290372
1591975705,328386
1591975705,360461
1591975705,391722
1591975705,426599
1591975705,458796
1591975705,490546
1591975705,526557
1591975705,559124
1591975705,590219
1591975705,626590
1591975705,659069
1591975705,690182
1591975705,728060
1591975705,760055
1591975705,791474
1591975705,828065
1591975705,859846
1591975705,893960
1591975705,926507
1591975705,959098
1591975705,993993
1591975706,026586
1591975706,058992
1591975706,094654
1591975706,128294
1591975706,160720
1591975706,193938
1591975706,228245
1591975706,260808
1591975706,293916
1591975706,326538
1591975706,359266
1591975706,393885
1591975706,426396
1591975706,459028
1591975706,493864
1591975706,526531
1591975706,558697
1591975706,593843
1591975706,626471
1591975706,659192
1591975706,693891
1591975706,726490
1591975706,759059
1591975706,793891
1591975706,826458
1591975706,862401
1591975706,893890
1591975706,926515
1591975706,962217
1591975706,993970
1591975707,027043
1591975707,063004
1591975707,094153
1591975707,126619
1591975707,162248
1591975707,194027
1591975707,226689
1591975707,262470
1591975707,294187
1591975707,329525
1591975707,369430
1591975707,402452
1591975707,434284
1591975707,467871
1591975707,499344
1591975707,530419
1591975707,566871
1591975707,600770
1591975707,633542
1591975707,668735
1591975707,701961
1591975707,733696
1591975707,767280
1591975707,798570
1591975707,833623
1591975707,872128
1591975707,907790
1591975707,941265
1591975707,975824
1591975708,008738
1591975708,041184
1591975708,075869
1591975708,108574
1591975708,140093
1591975708,174723
1591975708,208087
1591975708,240001
1591975708,273715
1591975708,307810
1591975708,341113
1591975708,375994
1591975708,408523
1591975708,440322
1591975708,473728
1591975708,506661
1591975708,537853
1591975708,571377
1591975708,604520
1591975708,637594
1591975708,672016
1591975708,704224
1591975708,737125
1591975708,770663
1591975708,802559
1591975708,833794
1591975708,865402
1591975708,896900
1591975708,930218
1591975708,962623
1591975708,998448
1591975709,030291
1591975709,062705
1591975709,098061
1591975709,129990
1591975709,162457
1591975709,198479
1591975709,229898
1591975709,262613
1591975709,298596
1591975709,332442
1591975709,369682
1591975709,402242
1591975709,433410
1591975709,466700
1591975709,498757
1591975709,533880
1591975709,567842
1591975709,600853
1591975709,632182
1591975709,665584
1591975709,698473
1591975709,729974
1591975709,763632
1591975709,798709
1591975709,829911
1591975709,864359
1591975709,898806
1591975709,930031
1591975709,969568
1591975710,001916
1591975710,033828
1591975710,069723
1591975710,101966
1591975710,134449
1591975710,169965
1591975710,202685
1591975710,233945
1591975710,269078
1591975710,301935
1591975710,333025
1591975710,368675
1591975710,400733
1591975710,431722
1591975710,468612
1591975710,500806
1591975710,531976
1591975710,569098
1591975710,606045
1591975710,637184
1591975710,670824
1591975710,702750
1591975710,734225
1591975710,769108
1591975710,801167
1591975710,832564
1591975710,867161
1591975710,898787
1591975710,930435
1591975710,967802
1591975710,999731
1591975711,034114
1591975711,067251
1591975711,099638
1591975711,134094
1591975711,167263
1591975711,198869
1591975711,234279
1591975711,267664
1591975711,299478
1591975711,334072
1591975711,367499
1591975711,399286
1591975711,434156
1591975711,467746
1591975711,499813
1591975711,534110
1591975711,567201
1591975711,598735
1591975711,634266
1591975711,667651
1591975711,699699
1591975711,734298
1591975711,769147
1591975711,801022
1591975711,834127
1591975711,868657
1591975711,900236
1591975711,934144
1591975711,968538
1591975712,000592
1591975712,033965
1591975712,067207
1591975712,102993
1591975712,134364
1591975712,168550
1591975712,203028
1591975712,234211
1591975712,267595
1591975712,302859
1591975712,334281
1591975712,367516
1591975712,402712
1591975712,434043
1591975712,467249
1591975712,502888
1591975712,534325
1591975712,567288
1591975712,603477
1591975712,635172
1591975712,669834
1591975712,702842
1591975712,734244
1591975712,767311
1591975712,802778
1591975712,834129
1591975712,867361
1591975712,902592
1591975712,934228
1591975712,968719
1591975713,004285
1591975713,035829
1591975713,069887
1591975713,103449
1591975713,134872
1591975713,172301
1591975713,204890
1591975713,237469
1591975713,271240
1591975713,303800
1591975713,335226
1591975713,371388
1591975713,403607
1591975713,434808
1591975713,471344
1591975713,503380
1591975713,534654
1591975713,571908
1591975713,605151
1591975713,636319
1591975713,671940
1591975713,703950
1591975713,735610
1591975713,771403
1591975713,803944
1591975713,835542
1591975713,871664
1591975713,903998
1591975713,935313
1591975713,971513
1591975714,003996
1591975714,035378
1591975714,071380
1591975714,103543
1591975714,138510
1591975714,171372
1591975714,203450
1591975714,238191
1591975714,271347
1591975714,303304
1591975714,338558
1591975714,371558
1591975714,403929
1591975714,438080
1591975714,471621
1591975714,504571
1591975714,538444
1591975714,571379
1591975714,604311
1591975714,638162
1591975714,671371
1591975714,703739
1591975714,738116
1591975714,771410
1591975714,803632
1591975714,839269
1591975714,873267
1591975714,905352
1591975714,938118
1591975714,973468
1591975715,006811
1591975715,038160
1591975715,071658
1591975715,103844
1591975715,138836
1591975715,171246
1591975715,208148
1591975715,239364
1591975715,271797
1591975715,308037
1591975715,339382
1591975715,371811
1591975715,406378
1591975715,438231
1591975715,471334
1591975715,508161
1591975715,539351
1591975715,571934
1591975715,608196
1591975715,639481
1591975715,671669
1591975715,707808
1591975715,739448
1591975715,771535
1591975715,806464
1591975715,838176
1591975715,871278
1591975715,906565
1591975715,938225
1591975715,971154
1591975716,006465
1591975716,038478
1591975716,071548
1591975716,106917
1591975716,139711
1591975716,172271
1591975716,206776
1591975716,238620
1591975716,274441
1591975716,307423
1591975716,338720
1591975716,374482
1591975716,407003
1591975716,438403
1591975716,474155
1591975716,506713
1591975716,538473
1591975716,574511
1591975716,607352
1591975716,638616
1591975716,674120
1591975716,706568
1591975716,738224
1591975716,774136
1591975716,806447
1591975716,838264
1591975716,874540
1591975716,906645
1591975716,938385
1591975716,974844
1591975717,008475
1591975717,041173
1591975717,074533
1591975717,106494
1591975717,138550
1591975717,174892
1591975717,208778
1591975717,240200
1591975717,274812
1591975717,306547
1591975717,342268
1591975717,374432
1591975717,407016
1591975717,442282
1591975717,474181
1591975717,506559
1591975717,542187
1591975717,574379
1591975717,607127
1591975717,642381
1591975717,674244
1591975717,706501
1591975717,742547
1591975717,774256
1591975717,806621
1591975717,842986
1591975717,874440
1591975717,906551
1591975717,942462
1591975717,974210
1591975718,006523
1591975718,042237
1591975718,075698
1591975718,107683
1591975718,142258
1591975718,174824
1591975718,207433
1591975718,242841
1591975718,274112
1591975718,311175
1591975718,342458
1591975718,374210
1591975718,411170
1591975718,442625
1591975718,474158
1591975718,510871
1591975718,542291
1591975718,574375
1591975718,611997
1591975718,643953
1591975718,675126
1591975718,710711
1591975718,742354
1591975718,774157
1591975718,810983
1591975718,842427
1591975718,874155
1591975718,910903
1591975718,942277
1591975718,974187
1591975719,010675
1591975719,042428
1591975719,074172
1591975719,111452
1591975719,143175
1591975719,174448
1591975719,210612
1591975719,242320
1591975719,274233
1591975719,310516
1591975719,342283
1591975719,378291
1591975719,410670
1591975719,442402
1591975719,478421
1591975719,510566
1591975719,542273
1591975719,578316
1591975719,612324
1591975719,643854
1591975719,678355
1591975719,710608
1591975719,742951
1591975719,778295
1591975719,810777
1591975719,842600
1591975719,878236
1591975719,910872
1591975719,942519
1591975719,978171
1591975720,011167
1591975720,042931
1591975720,078368
1591975720,111528
1591975720,143051
1591975720,178512
1591975720,212011
1591975720,243592
1591975720,278250
1591975720,311563
1591975720,343597
1591975720,378400
1591975720,411842
1591975720,448431
1591975720,479909
1591975720,513096
1591975720,547490
1591975720,578933
1591975720,612636
1591975720,647134
1591975720,678568
1591975720,711472
1591975720,746597
1591975720,778100
1591975720,811543
1591975720,847533
1591975720,878997
1591975720,911854
1591975720,947086
1591975720,978637
1591975721,011438
1591975721,046653
1591975721,078198
1591975721,112001
1591975721,146822
1591975721,178191
1591975721,211490
1591975721,247010
1591975721,278463
1591975721,311781
1591975721,346989
1591975721,378458
1591975721,411738
1591975721,446952
1591975721,478370
1591975721,514991
1591975721,546883
1591975721,578155
1591975721,615237
1591975721,647567
1591975721,678944
1591975721,714903
1591975721,748454
1591975721,779797
1591975721,815382
1591975721,847895
1591975721,879321
1591975721,915203
1591975721,947179
1591975721,978564
1591975722,014964
1591975722,046859
1591975722,078182
1591975722,114881
1591975722,147295
1591975722,178851
1591975722,215301
1591975722,247591
1591975722,278944
1591975722,315039
1591975722,346936
1591975722,378409
1591975722,414726
1591975722,446811
1591975722,482397
1591975722,515833
1591975722,547771
1591975722,582203
1591975722,615116
1591975722,647001
1591975722,682147
1591975722,715091
1591975722,747463
1591975722,782645
1591975722,814944
1591975722,847281
1591975722,882457
1591975722,915037
1591975722,946996
1591975722,982304
1591975723,014890
1591975723,046873
1591975723,082219
1591975723,115157
1591975723,147034
1591975723,182266
1591975723,215020
1591975723,246894
1591975723,282522
1591975723,315158
1591975723,347119
1591975723,382267
1591975723,415216
1591975723,447437
1591975723,482507
1591975723,515139
1591975723,551239
1591975723,585037
1591975723,617964
1591975723,651259
1591975723,682832
1591975723,715410
1591975723,751340
1591975723,782888
1591975723,815311
1591975723,851570
1591975723,883180
1591975723,915505
