1591975532,627090
1591975532,659586
1591975532,692068
1591975532,723531
1591975532,756638
1591975532,788168
1591975532,819540
1591975532,851296
1591975532,882774
1591975532,914495
1591975532,946574
1591975532,977894
1591975533,011246
1591975533,045086
1591975533,076878
1591975533,110592
1591975533,143349
1591975533,175259
1591975533,212106
1591975533,251302
1591975533,284879
1591975533,316988
1591975533,350476
1591975533,381910
1591975533,415375
1591975533,451521
1591975533,483736
1591975533,515730
1591975533,553769
1591975533,586431
1591975533,618087
1591975533,651532
1591975533,683207
1591975533,715512
1591975533,752984
1591975533,785821
1591975533,817769
1591975533,852252
1591975533,883817
1591975533,915513
1591975533,949235
1591975533,980659
1591975534,012356
1591975534,045099
1591975534,076949
1591975534,111672
1591975534,148944
1591975534,182638
1591975534,215667
1591975534,248399
1591975534,279814
1591975534,312079
1591975534,344937
1591975534,376511
1591975534,410949
1591975534,445705
1591975534,477340
1591975534,511120
1591975534,543637
1591975534,575538
1591975534,609478
1591975534,642281
1591975534,674548
1591975534,708040
1591975534,744768
1591975534,777309
1591975534,814636
1591975534,848310
1591975534,879586
1591975534,911658
1591975534,944228
1591975534,975724
1591975535,009143
1591975535,041767
1591975535,073399
1591975535,107225
1591975535,140245
1591975535,172404
1591975535,205409
1591975535,238568
1591975535,270944
1591975535,304815
1591975535,337703
1591975535,369612
1591975535,404230
1591975535,437752
1591975535,469613
1591975535,504452
1591975535,537175
1591975535,569677
1591975535,606536
1591975535,641733
1591975535,677263
1591975535,711346
1591975535,744523
1591975535,776351
1591975535,810452
1591975535,843426
1591975535,875271
1591975535,909474
1591975535,944245
1591975535,976518
1591975536,010820
1591975536,044147
1591975536,075815
1591975536,110376
1591975536,143685
1591975536,175669
1591975536,210126
1591975536,243283
1591975536,274875
1591975536,308433
1591975536,343632
1591975536,379740
1591975536,414788
1591975536,447294
1591975536,479361
1591975536,514785
1591975536,555955
1591975536,595136
1591975536,626924
1591975536,660505
1591975536,694370
1591975536,726009
1591975536,760180
1591975536,792836
1591975536,824959
1591975536,858641
1591975536,891332
1591975536,922817
1591975536,956477
1591975536,988607
1591975537,019881
1591975537,052435
1591975537,084176
1591975537,115514
1591975537,147542
1591975537,178825
1591975537,210878
1591975537,242528
1591975537,274503
1591975537,307524
1591975537,339920
1591975537,371226
1591975537,403877
1591975537,435693
1591975537,467136
1591975537,498983
1591975537,530349
1591975537,561890
1591975537,594199
1591975537,625521
1591975537,658675
1591975537,691606
1591975537,725279
1591975537,761311
1591975537,794546
1591975537,826298
1591975537,859861
1591975537,893161
1591975537,924994
1591975537,959671
1591975537,993015
1591975538,024951
1591975538,060787
1591975538,093842
1591975538,125571
1591975538,159699
1591975538,192873
1591975538,224804
1591975538,259398
1591975538,292718
1591975538,326987
1591975538,361868
1591975538,396185
1591975538,427714
1591975538,459854
1591975538,493120
1591975538,524968
1591975538,559603
1591975538,592598
1591975538,624617
1591975538,659421
1591975538,692319
1591975538,723966
1591975538,757809
1591975538,790304
1591975538,821829
1591975538,855199
1591975538,887571
1591975538,918870
1591975538,951550
1591975538,983016
1591975539,014582
1591975539,046549
1591975539,077868
1591975539,110145
1591975539,141954
1591975539,173200
1591975539,206053
1591975539,238489
1591975539,270191
1591975539,303129
1591975539,334902
1591975539,366364
1591975539,400665
1591975539,432417
1591975539,464087
1591975539,496224
1591975539,527431
1591975539,562638
1591975539,595251
1591975539,626398
1591975539,662387
1591975539,695446
1591975539,726871
1591975539,762573
1591975539,795184
1591975539,830394
1591975539,862562
1591975539,895627
1591975539,931323
1591975539,962416
1591975539,995232
1591975540,030798
1591975540,062691
1591975540,097778
1591975540,130695
1591975540,162698
1591975540,195319
1591975540,230447
1591975540,263366
1591975540,297208
1591975540,330672
1591975540,362370
1591975540,396436
1591975540,430990
1591975540,462821
1591975540,496316
1591975540,530823
1591975540,562414
1591975540,596139
1591975540,630964
1591975540,662476
1591975540,696721
1591975540,731240
1591975540,764375
1591975540,797859
1591975540,830640
1591975540,862564
1591975540,901774
1591975540,934695
1591975540,966366
1591975541,001753
1591975541,034264
1591975541,066062
1591975541,102107
1591975541,134602
1591975541,166102
1591975541,201702
1591975541,234834
1591975541,266566
1591975541,303107
1591975541,338567
1591975541,370962
1591975541,405037
1591975541,438041
1591975541,470069
1591975541,504072
1591975541,537847
1591975541,569556
1591975541,603583
1591975541,637105
1591975541,668635
1591975541,701892
1591975541,734185
1591975541,766178
1591975541,802644
1591975541,835728
1591975541,867224
1591975541,903217
1591975541,936348
1591975541,968199
1591975542,001415
1591975542,033367
1591975542,066708
1591975542,100423
1591975542,132490
1591975542,167283
1591975542,201585
1591975542,233682
1591975542,267259
1591975542,299923
1591975542,332374
1591975542,366629
1591975542,400364
1591975542,432765
1591975542,467961
1591975542,500850
1591975542,532844
1591975542,567093
1591975542,600145
1591975542,632341
1591975542,666514
1591975542,699721
1591975542,733632
1591975542,768125
1591975542,804557
1591975542,840362
1591975542,875346
1591975542,910157
1591975542,946613
1591975542,978072
1591975543,009734
1591975543,042871
1591975543,077533
1591975543,111535
1591975543,145210
1591975543,177077
1591975543,209316
1591975543,243899
1591975543,278098
1591975543,312610
1591975543,351955
1591975543,387764
1591975543,421909
1591975543,458834
1591975543,492850
1591975543,524367
1591975543,557303
1591975543,590771
1591975543,622568
1591975543,656773
1591975543,690429
1591975543,724484
1591975543,757312
1591975543,795478
1591975543,829285
1591975543,862983
1591975543,902256
1591975543,938231
1591975543,970177
1591975544,004264
1591975544,037256
1591975544,069212
1591975544,103055
1591975544,136435
1591975544,168908
1591975544,205882
1591975544,242034
1591975544,273853
1591975544,308419
1591975544,344861
1591975544,376233
1591975544,407902
1591975544,440701
1591975544,472658
1591975544,507028
1591975544,539726
1591975544,571985
1591975544,608782
1591975544,646506
1591975544,677973
1591975544,709516
1591975544,742589
1591975544,773991
1591975544,806389
1591975544,838845
1591975544,870447
1591975544,904163
1591975544,936655
1591975544,968066
1591975545,001171
1591975545,033832
1591975545,065169
1591975545,099299
1591975545,131226
1591975545,162560
1591975545,195325
1591975545,228222
1591975545,260055
1591975545,293345
1591975545,326320
1591975545,357565
1591975545,391560
1591975545,422996
1591975545,456502
1591975545,488591
1591975545,519950
1591975545,552729
1591975545,584611
1591975545,616684
1591975545,649280
1591975545,680879
1591975545,712102
1591975545,744087
1591975545,775462
1591975545,807184
1591975545,838928
1591975545,870534
1591975545,904784
1591975545,937286
1591975545,970443
1591975546,004202
1591975546,037077
1591975546,070449
1591975546,105802
1591975546,139247
1591975546,170812
1591975546,204562
1591975546,238770
1591975546,270525
1591975546,304744
1591975546,338680
1591975546,370563
1591975546,404407
1591975546,438760
1591975546,470781
1591975546,504372
1591975546,538840
1591975546,570467
1591975546,604560
1591975546,639195
1591975546,670562
1591975546,706675
1591975546,739198
1591975546,770535
1591975546,804688
1591975546,838786
1591975546,870511
1591975546,904807
1591975546,938953
1591975546,970449
1591975547,004174
1591975547,038708
1591975547,070719
1591975547,104632
1591975547,138872
1591975547,170485
1591975547,206452
1591975547,238976
1591975547,270486
1591975547,306888
1591975547,339235
1591975547,370607
1591975547,406299
1591975547,438985
1591975547,470757
1591975547,506691
1591975547,539050
1591975547,570542
1591975547,606638
1591975547,638925
1591975547,670758
1591975547,706467
1591975547,739155
1591975547,770616
1591975547,806374
1591975547,838897
1591975547,870553
1591975547,906337
1591975547,939135
1591975547,970561
1591975548,006305
1591975548,038957
1591975548,070801
1591975548,106365
1591975548,139049
1591975548,174210
1591975548,206545
1591975548,239287
1591975548,278102
1591975548,310099
1591975548,343733
1591975548,375348
1591975548,407565
1591975548,440762
1591975548,474550
1591975548,506638
1591975548,541080
1591975548,574719
1591975548,607398
1591975548,641539
1591975548,675869
1591975548,707951
1591975548,741213
1591975548,774767
1591975548,807027
1591975548,844934
1591975548,876773
1591975548,910561
1591975548,944424
1591975548,975969
1591975549,008208
1591975549,040571
1591975549,074574
1591975549,106511
1591975549,141593
1591975549,175300
1591975549,207455
1591975549,244940
1591975549,277102
1591975549,308595
1591975549,344441
1591975549,376054
1591975549,407719
1591975549,442719
1591975549,474618
1591975549,506626
1591975549,543229
1591975549,574601
1591975549,607912
1591975549,642739
1591975549,675460
1591975549,706835
1591975549,742794
1591975549,774660
1591975549,807082
1591975549,842980
1591975549,874479
1591975549,906612
1591975549,942721
1591975549,974571
1591975550,007601
1591975550,042873
1591975550,074535
1591975550,106602
1591975550,142963
1591975550,175794
1591975550,208738
1591975550,242875
1591975550,274803
1591975550,311007
1591975550,343026
1591975550,375241
1591975550,410702
1591975550,442856
1591975550,474968
1591975550,510628
1591975550,543915
1591975550,575468
1591975550,610711
1591975550,643206
1591975550,675722
1591975550,711428
1591975550,745610
1591975550,777580
1591975550,811013
1591975550,843792
1591975550,875724
1591975550,910790
1591975550,943016
1591975550,974845
1591975551,011071
1591975551,043175
1591975551,075096
1591975551,110756
1591975551,142998
1591975551,175480
1591975551,210722
1591975551,243217
1591975551,275700
1591975551,310673
1591975551,343252
1591975551,379063
1591975551,410866
1591975551,443009
1591975551,478949
1591975551,510985
1591975551,543053
1591975551,578876
1591975551,611326
1591975551,643374
1591975551,678885
1591975551,710929
1591975551,743952
1591975551,779031
1591975551,810761
1591975551,844396
1591975551,878900
1591975551,911112
1591975551,944086
1591975551,979210
1591975552,010802
1591975552,044271
1591975552,078918
1591975552,110930
1591975552,144745
1591975552,178943
1591975552,212985
1591975552,249314
1591975552,285643
1591975552,321224
1591975552,357347
1591975552,393408
1591975552,429483
1591975552,465662
1591975552,502569
1591975552,538575
1591975552,574134
1591975552,610673
1591975552,647503
1591975552,684044
1591975552,719758
1591975552,756113
1591975552,792331
1591975552,828255
1591975552,864063
1591975552,900619
1591975552,936561
1591975552,972354
1591975553,008110
1591975553,045271
1591975553,081379
1591975553,117115
1591975553,153646
1591975553,189748
1591975553,225700
1591975553,261589
1591975553,294317
1591975553,326482
1591975553,357640
1591975553,389555
1591975553,420764
1591975553,452795
1591975553,484752
1591975553,516059
1591975553,548410
1591975553,580467
1591975553,612451
1591975553,645227
1591975553,676757
1591975553,707898
1591975553,739899
1591975553,771114
1591975553,803021
1591975553,835174
1591975553,866407
1591975553,898961
1591975553,931285
1591975553,962559
1591975553,994896
1591975554,026425
1591975554,058053
1591975554,089895
1591975554,121112
1591975554,152900
1591975554,184571
1591975554,215852
1591975554,248165
1591975554,280497
1591975554,311760
1591975554,344701
1591975554,376333
1591975554,407561
1591975554,439476
1591975554,471005
1591975554,502749
1591975554,534406
1591975554,566036
1591975554,598817
1591975554,631505
1591975554,663394
1591975554,696147
1591975554,727878
1591975554,759099
1591975554,790596
1591975554,822437
1591975554,854007
1591975554,885769
1591975554,916977
1591975554,950032
1591975554,983599
1591975555,015068
1591975555,047582
1591975555,083139
1591975555,115282
1591975555,147583
1591975555,183067
1591975555,214635
1591975555,247663
1591975555,283370
1591975555,314883
1591975555,347653
1591975555,383326
1591975555,415267
1591975555,448199
1591975555,483275
1591975555,515479
1591975555,551279
1591975555,583416
1591975555,615860
1591975555,653422
1591975555,686303
1591975555,717473
1591975555,751486
1591975555,783698
1591975555,814984
1591975555,851167
1591975555,883624
1591975555,914864
1591975555,950950
1591975555,983783
1591975556,015113
1591975556,050952
1591975556,083522
1591975556,114961
1591975556,150986
1591975556,183556
1591975556,214986
1591975556,250933
1591975556,284137
1591975556,315406
1591975556,351172
1591975556,383482
1591975556,414851
1591975556,451111
1591975556,483662
1591975556,514820
1591975556,551192
1591975556,583254
1591975556,618365
1591975556,651335
1591975556,683422
1591975556,718364
1591975556,751307
1591975556,783255
1591975556,818504
1591975556,851203
1591975556,883114
1591975556,918276
1591975556,951330
1591975556,983282
1591975557,018309
1591975557,051739
1591975557,083356
1591975557,119226
1591975557,151346
1591975557,183512
1591975557,218291
1591975557,251315
1591975557,283141
1591975557,318439
1591975557,351268
1591975557,383058
1591975557,418360
1591975557,451218
1591975557,483552
1591975557,518353
1591975557,551305
1591975557,583479
1591975557,618235
1591975557,651175
1591975557,687215
1591975557,718541
1591975557,751062
1591975557,787193
1591975557,818479
1591975557,850981
1591975557,887701
1591975557,918929
1591975557,951076
1591975557,987217
1591975558,018512
1591975558,051016
1591975558,087099
1591975558,118539
1591975558,151034
1591975558,187108
1591975558,218525
1591975558,251211
1591975558,286943
1591975558,318673
1591975558,351118
1591975558,387284
1591975558,418420
1591975558,450863
1591975558,487471
1591975558,518597
1591975558,551104
1591975558,587085
1591975558,618385
1591975558,654305
1591975558,687379
1591975558,718516
1591975558,754272
1591975558,787318
1591975558,818552
1591975558,854303
1591975558,887053
1591975558,918412
1591975558,954572
1591975558,987360
1591975559,018797
1591975559,054332
1591975559,087952
1591975559,119129
1591975559,154453
1591975559,187891
1591975559,219009
1591975559,254288
1591975559,287297
1591975559,318494
1591975559,354201
1591975559,387303
1591975559,418448
1591975559,454682
1591975559,487158
1591975559,518427
1591975559,554184
1591975559,587270
1591975559,618536
1591975559,655112
1591975559,687257
1591975559,722551
1591975559,754668
1591975559,787117
1591975559,822476
1591975559,854942
1591975559,887918
1591975559,922404
1591975559,954396
1591975559,987378
1591975560,022505
1591975560,054941
1591975560,087824
1591975560,122513
1591975560,154443
1591975560,187598
1591975560,222734
1591975560,254376
1591975560,288235
1591975560,322920
1591975560,354380
1591975560,386994
1591975560,422538
1591975560,454711
1591975560,486938
1591975560,522597
1591975560,555256
1591975560,587305
1591975560,622661
1591975560,654476
1591975560,687141
1591975560,723115
1591975560,754482
1591975560,791630
1591975560,823892
1591975560,854938
1591975560,891776
1591975560,923203
1591975560,954416
1591975560,991608
1591975561,023240
1591975561,054369
1591975561,091877
1591975561,123363
1591975561,154768
1591975561,191769
1591975561,223205
1591975561,254356
1591975561,291530
1591975561,323074
1591975561,354350
1591975561,391465
1591975561,422863
1591975561,454385
1591975561,491537
1591975561,523156
1591975561,554443
1591975561,591977
1591975561,623959
1591975561,655135
1591975561,691723
1591975561,723620
1591975561,754595
1591975561,791715
1591975561,823467
1591975561,858364
1591975561,891971
1591975561,923534
1591975561,958443
1591975561,992012
1591975562,023674
1591975562,058359
1591975562,092164
1591975562,124066
1591975562,158418
1591975562,192147
1591975562,223972
1591975562,258409
1591975562,292023
1591975562,323790
1591975562,358892
1591975562,392198
1591975562,424273
1591975562,458692
1591975562,491871
1591975562,523444
1591975562,558348
1591975562,591969
1591975562,623737
1591975562,658424
1591975562,692098
1591975562,723515
1591975562,758321
1591975562,792387
1591975562,823900
1591975562,858336
1591975562,892046
1591975562,927507
1591975562,958923
1591975562,992041
1591975563,027614
1591975563,058917
1591975563,092134
1591975563,127284
1591975563,158619
1591975563,192036
1591975563,227113
1591975563,258638
1591975563,292026
1591975563,327255
1591975563,358521
1591975563,392124
1591975563,427850
1591975563,459267
1591975563,491836
1591975563,527516
1591975563,558935
1591975563,591989
1591975563,627115
1591975563,658458
1591975563,691884
1591975563,727310
1591975563,758584
1591975563,791812
1591975563,827160
1591975563,858568
1591975563,895374
1591975563,927740
1591975563,959055
1591975563,995456
1591975564,027803
1591975564,059060
1591975564,095638
1591975564,128135
1591975564,159336
1591975564,195328
1591975564,227823
1591975564,259045
1591975564,295849
1591975564,328184
1591975564,359450
1591975564,395241
1591975564,427928
1591975564,459278
1591975564,495492
1591975564,527840
1591975564,559269
1591975564,595505
1591975564,631028
1591975564,663929
1591975564,696884
1591975564,731424
1591975564,764927
1591975564,797163
1591975564,830320
1591975564,861981
1591975564,896917
1591975564,929937
1591975564,963092
1591975564,996588
1591975565,029731
1591975565,063526
1591975565,096582
1591975565,129485
1591975565,163472
1591975565,196791
1591975565,229995
1591975565,263115
1591975565,296555
1591975565,329659
1591975565,362776
1591975565,396571
1591975565,430009
1591975565,463346
1591975565,496543
1591975565,529575
1591975565,563412
1591975565,596498
1591975565,629309
1591975565,662603
1591975565,696399
1591975565,729439
1591975565,762713
1591975565,796474
1591975565,829296
1591975565,862638
1591975565,896005
