1591979832,072826
1591979832,104451
1591979832,135929
1591979832,167430
1591979832,199018
1591979832,230647
1591979832,262109
1591979832,293527
1591979832,325077
1591979832,356666
1591979832,388101
1591979832,419731
1591979832,451382
1591979832,482891
1591979832,514344
1591979832,545980
1591979832,577501
1591979832,609303
1591979832,640877
1591979832,672652
1591979832,703998
1591979832,735545
1591979832,767207
1591979832,798823
1591979832,830333
1591979832,861856
1591979832,893474
1591979832,924978
1591979832,956498
1591979832,988079
1591979833,019810
1591979833,051327
1591979833,082821
1591979833,114346
1591979833,145865
1591979833,177384
1591979833,209029
1591979833,240689
1591979833,272190
1591979833,303642
1591979833,335251
1591979833,366727
1591979833,398235
1591979833,429912
1591979833,461549
1591979833,493049
1591979833,524940
1591979833,557105
1591979833,592585
1591979833,624803
1591979833,656977
1591979833,692578
1591979833,724799
1591979833,760639
1591979833,792644
1591979833,824785
1591979833,860581
1591979833,892812
1591979833,924883
1591979833,960686
1591979833,992785
1591979834,024733
1591979834,060562
1591979834,092813
1591979834,124819
1591979834,160808
1591979834,192876
1591979834,224858
1591979834,260605
1591979834,292720
1591979834,324802
1591979834,360587
1591979834,392803
1591979834,424925
1591979834,460676
1591979834,492815
1591979834,524737
1591979834,560615
1591979834,592737
1591979834,624688
1591979834,660663
1591979834,692881
1591979834,724823
1591979834,760671
1591979834,792811
1591979834,828641
1591979834,860805
1591979834,892858
1591979834,928565
1591979834,960836
1591979834,992836
1591979835,028694
1591979835,060811
1591979835,092716
1591979835,128563
1591979835,160796
1591979835,192853
1591979835,228642
1591979835,260912
1591979835,292831
1591979835,328610
1591979835,360837
1591979835,392825
1591979835,428603
1591979835,460840
1591979835,492872
1591979835,528713
1591979835,560858
1591979835,592770
1591979835,628718
1591979835,660717
1591979835,693004
1591979835,728712
1591979835,762169
1591979835,793797
1591979835,828717
1591979835,860917
1591979835,896652
1591979835,928719
1591979835,960903
1591979835,996614
1591979836,028835
1591979836,060857
1591979836,096729
1591979836,128796
1591979836,160747
1591979836,196585
1591979836,228761
1591979836,260864
1591979836,296625
1591979836,328899
1591979836,360867
1591979836,396631
1591979836,428754
1591979836,460814
1591979836,496556
1591979836,528782
1591979836,560922
1591979836,596698
1591979836,628678
1591979836,660707
1591979836,696636
1591979836,729155
1591979836,760755
1591979836,796712
1591979836,828895
1591979836,864640
1591979836,896883
1591979836,928813
1591979836,964678
1591979836,996751
1591979837,028849
1591979837,064625
1591979837,096864
1591979837,128811
1591979837,164982
1591979837,196866
1591979837,228753
1591979837,264577
1591979837,296840
1591979837,328842
1591979837,364682
1591979837,396945
1591979837,428863
1591979837,464631
1591979837,496779
1591979837,528942
1591979837,564556
1591979837,596842
1591979837,628766
1591979837,664755
1591979837,696822
1591979837,728770
1591979837,764801
1591979837,796835
1591979837,828892
1591979837,864707
1591979837,896940
1591979837,932587
1591979837,964892
1591979837,996858
1591979838,032652
1591979838,064783
1591979838,096884
1591979838,132655
1591979838,164868
1591979838,196892
1591979838,232723
1591979838,264858
1591979838,296800
1591979838,332530
1591979838,364939
1591979838,396888
1591979838,432708
1591979838,464933
1591979838,496907
1591979838,532592
1591979838,564842
1591979838,596829
1591979838,632464
1591979838,664914
1591979838,696995
1591979838,732738
1591979838,764796
1591979838,796782
1591979838,832539
1591979838,864748
1591979838,896805
1591979838,932633
1591979838,964869
1591979839,000624
1591979839,033163
1591979839,065111
1591979839,100626
1591979839,132743
1591979839,172890
1591979839,204391
1591979839,235890
1591979839,267465
1591979839,300865
1591979839,332849
1591979839,364785
1591979839,400578
1591979839,432890
1591979839,464868
1591979839,500669
1591979839,532888
1591979839,564888
1591979839,600715
1591979839,632745
1591979839,664878
1591979839,700589
1591979839,732837
1591979839,764947
1591979839,801116
1591979839,832900
1591979839,864809
1591979839,900661
1591979839,932804
1591979839,964919
1591979840,000617
1591979840,032967
1591979840,068679
1591979840,100868
1591979840,132807
1591979840,168690
1591979840,200741
1591979840,232884
1591979840,268686
1591979840,300910
1591979840,332877
1591979840,368790
1591979840,400864
1591979840,432822
1591979840,468595
1591979840,500859
1591979840,532895
1591979840,568662
1591979840,600949
1591979840,632783
1591979840,668625
1591979840,700722
1591979840,732906
1591979840,768603
1591979840,800907
1591979840,832927
1591979840,868726
1591979840,900842
1591979840,932717
1591979840,968583
1591979841,000801
1591979841,032841
1591979841,068673
1591979841,100963
1591979841,136671
1591979841,168843
1591979841,200839
1591979841,236617
1591979841,268749
1591979841,300751
1591979841,336651
1591979841,369334
1591979841,400742
1591979841,436661
1591979841,468949
1591979841,501186
1591979841,536614
1591979841,568856
1591979841,600789
1591979841,636601
1591979841,668880
1591979841,700912
1591979841,736554
1591979841,768789
1591979841,800920
1591979841,836560
1591979841,868933
1591979841,900922
1591979841,936727
1591979841,968926
1591979842,000741
1591979842,036602
1591979842,068775
1591979842,104571
1591979842,136809
1591979842,168941
1591979842,204706
1591979842,236840
1591979842,268745
1591979842,304644
1591979842,336758
1591979842,368873
1591979842,404674
1591979842,436885
1591979842,468905
1591979842,505327
1591979842,536898
1591979842,568684
1591979842,604579
1591979842,636742
1591979842,668906
1591979842,704641
1591979842,736907
1591979842,768871
1591979842,804632
1591979842,836739
1591979842,868846
1591979842,904548
1591979842,936853
1591979842,968884
1591979843,004762
1591979843,036884
1591979843,068710
1591979843,104608
1591979843,136810
1591979843,172778
1591979843,204870
1591979843,236905
1591979843,272693
1591979843,304869
1591979843,336807
1591979843,372698
1591979843,404835
1591979843,436874
1591979843,472752
1591979843,504955
1591979843,536881
1591979843,572709
1591979843,605191
1591979843,636739
1591979843,672608
1591979843,704908
1591979843,736990
1591979843,772692
1591979843,804923
1591979843,836935
1591979843,872665
1591979843,904816
1591979843,936901
1591979843,972718
1591979844,004896
1591979844,036917
1591979844,072746
1591979844,104890
1591979844,136754
1591979844,172743
1591979844,204888
1591979844,240555
1591979844,272847
1591979844,304929
1591979844,340688
1591979844,372815
1591979844,404765
1591979844,440499
1591979844,472813
1591979844,504882
1591979844,540645
1591979844,572902
1591979844,605218
1591979844,640714
1591979844,672878
1591979844,704731
1591979844,740590
1591979844,772851
1591979844,804932
1591979844,840670
1591979844,872823
1591979844,904693
1591979844,940625
1591979844,972780
1591979845,004832
1591979845,040601
1591979845,072812
1591979845,104856
1591979845,140671
1591979845,172935
1591979845,204799
1591979845,240563
1591979845,272658
1591979845,308577
1591979845,340893
1591979845,372990
1591979845,408762
1591979845,440882
1591979845,472893
1591979845,508755
1591979845,540899
1591979845,572865
1591979845,609369
1591979845,641080
1591979845,673001
1591979845,708314
1591979845,740433
1591979845,772444
1591979845,808250
1591979845,840444
1591979845,872564
1591979845,908335
1591979845,940467
1591979845,972500
1591979846,008296
1591979846,040452
1591979846,072475
1591979846,108303
1591979846,140531
1591979846,172523
1591979846,208352
1591979846,240464
1591979846,272440
1591979846,308164
1591979846,340417
1591979846,376242
1591979846,408492
1591979846,440497
1591979846,476399
1591979846,508497
1591979846,540345
1591979846,576275
1591979846,608655
1591979846,640498
1591979846,676616
1591979846,708932
1591979846,740813
1591979846,776595
1591979846,808802
1591979846,840771
1591979846,876458
1591979846,908753
1591979846,940684
1591979846,976531
1591979847,008732
1591979847,040722
1591979847,076502
1591979847,108620
1591979847,141165
1591979847,177033
1591979847,209244
1591979847,241648
1591979847,277140
1591979847,310697
1591979847,344961
1591979847,377090
1591979847,409187
1591979847,444911
1591979847,477131
1591979847,509283
1591979847,545027
1591979847,577110
1591979847,609398
1591979847,644977
1591979847,677108
1591979847,709166
1591979847,744912
1591979847,777240
1591979847,809207
1591979847,844995
1591979847,877106
1591979847,909125
1591979847,944831
1591979847,977156
1591979848,009239
1591979848,044915
1591979848,077124
1591979848,109115
1591979848,144948
1591979848,177047
1591979848,209177
1591979848,244942
1591979848,277474
1591979848,309237
1591979848,345057
1591979848,377187
1591979848,412934
1591979848,445190
1591979848,477172
1591979848,512877
1591979848,545172
1591979848,577050
1591979848,613781
1591979848,645574
1591979848,677136
1591979848,712978
1591979848,745107
1591979848,777187
1591979848,812849
1591979848,845284
1591979848,877173
1591979848,913006
1591979848,946889
1591979848,977972
1591979849,013014
1591979849,045184
1591979849,077321
1591979849,113041
1591979849,145297
1591979849,177243
1591979849,212994
1591979849,245145
1591979849,277232
1591979849,312980
1591979849,345228
1591979849,377208
1591979849,413008
1591979849,445209
1591979849,480920
1591979849,513149
1591979849,545220
1591979849,580851
1591979849,613446
1591979849,645335
1591979849,681044
1591979849,713208
1591979849,745156
1591979849,780961
1591979849,813067
1591979849,845245
1591979849,880976
1591979849,913268
1591979849,945204
1591979849,981036
1591979850,013181
1591979850,045192
1591979850,080894
1591979850,113241
1591979850,145375
1591979850,181037
1591979850,213222
1591979850,245260
1591979850,281013
1591979850,313152
1591979850,345261
1591979850,381053
1591979850,413254
1591979850,445231
1591979850,481052
1591979850,513235
1591979850,548976
1591979850,581177
1591979850,613994
1591979850,648952
1591979850,681133
1591979850,713304
1591979850,749089
1591979850,781213
1591979850,813117
1591979850,848990
1591979850,881199
1591979850,913236
1591979850,948991
1591979850,981352
1591979851,013222
1591979851,048998
1591979851,081196
1591979851,113242
1591979851,149001
1591979851,181312
1591979851,213312
1591979851,249046
1591979851,281165
1591979851,313123
1591979851,349022
1591979851,381222
1591979851,413181
1591979851,449039
1591979851,481283
1591979851,513309
1591979851,549118
1591979851,581343
1591979851,617147
1591979851,649292
1591979851,681278
1591979851,716910
1591979851,749308
1591979851,781307
1591979851,817130
1591979851,849244
1591979851,881194
1591979851,917048
1591979851,949215
1591979851,981261
1591979852,017110
1591979852,049363
1591979852,081284
1591979852,117055
1591979852,149300
1591979852,181360
1591979852,216971
1591979852,249275
1591979852,281348
1591979852,317156
1591979852,349258
1591979852,381281
1591979852,417058
1591979852,449285
1591979852,481270
1591979852,517116
1591979852,549366
1591979852,585068
1591979852,617577
1591979852,649455
1591979852,685067
1591979852,717201
1591979852,749308
1591979852,785038
1591979852,817271
1591979852,849315
1591979852,885112
1591979852,917213
1591979852,949157
1591979852,984998
1591979853,017242
1591979853,049220
1591979853,085450
1591979853,117393
1591979853,149351
1591979853,185076
1591979853,217202
1591979853,249265
1591979853,284959
1591979853,317273
1591979853,349287
1591979853,385061
1591979853,417180
1591979853,449194
1591979853,484983
1591979853,517088
1591979853,549217
1591979853,584906
1591979853,617383
1591979853,653080
1591979853,685279
1591979853,717261
1591979853,753002
1591979853,785226
1591979853,817203
1591979853,852994
1591979853,885224
1591979853,917201
1591979853,953094
1591979853,985186
1591979854,017089
1591979854,052894
1591979854,085294
1591979854,117215
1591979854,152900
1591979854,185277
1591979854,217251
1591979854,252824
1591979854,285164
1591979854,317215
1591979854,352911
1591979854,385195
1591979854,417298
1591979854,453113
1591979854,485194
1591979854,517005
1591979854,553021
1591979854,585144
1591979854,617467
1591979854,653051
1591979854,685270
1591979854,720989
1591979854,753280
1591979854,785266
1591979854,821002
1591979854,853124
1591979854,885194
1591979854,921042
1591979854,953250
1591979854,985271
1591979855,021110
1591979855,053129
1591979855,085123
1591979855,120952
1591979855,153157
1591979855,185212
1591979855,221009
1591979855,253311
1591979855,285273
1591979855,321016
1591979855,353158
1591979855,385237
1591979855,420925
1591979855,453218
1591979855,485286
1591979855,521121
1591979855,553192
1591979855,585146
1591979855,620921
1591979855,653233
1591979855,685105
1591979855,720978
1591979855,753304
1591979855,789032
1591979855,821215
1591979855,853179
1591979855,889025
1591979855,921112
1591979855,953116
1591979855,988957
1591979856,021217
1591979856,053215
1591979856,089103
1591979856,121184
1591979856,153110
1591979856,188932
1591979856,221087
1591979856,253226
1591979856,289027
1591979856,321361
1591979856,353262
1591979856,389051
1591979856,421172
1591979856,453135
1591979856,488905
1591979856,521370
1591979856,553061
1591979856,589155
1591979856,620843
1591979856,653130
1591979856,689026
1591979856,721181
1591979856,753203
1591979856,789017
1591979856,821267
1591979856,857049
1591979856,889218
1591979856,921228
1591979856,957021
1591979856,989106
1591979857,021182
1591979857,057011
1591979857,089212
1591979857,121240
1591979857,157076
1591979857,189180
1591979857,221101
1591979857,256940
1591979857,289214
1591979857,321273
1591979857,357023
1591979857,389256
1591979857,421226
1591979857,456971
1591979857,489123
1591979857,521156
1591979857,557146
1591979857,589235
1591979857,621158
1591979857,657139
1591979857,689184
1591979857,721151
1591979857,757026
1591979857,789050
1591979857,824891
1591979857,857211
1591979857,889296
1591979857,925003
1591979857,957222
1591979857,989083
1591979858,024968
1591979858,057086
1591979858,089168
1591979858,125000
1591979858,157208
1591979858,189176
1591979858,225033
1591979858,257504
1591979858,289222
1591979858,324952
1591979858,357246
1591979858,389322
1591979858,425014
1591979858,457295
1591979858,489156
1591979858,525033
1591979858,557143
1591979858,589408
1591979858,624857
1591979858,657277
1591979858,689233
1591979858,725068
1591979858,757206
1591979858,789289
1591979858,824820
1591979858,857080
1591979858,893874
1591979858,925570
1591979858,957327
1591979858,992918
1591979859,025117
1591979859,057110
1591979859,092920
1591979859,125069
1591979859,157146
1591979859,192897
1591979859,225128
1591979859,257095
1591979859,292940
1591979859,325126
1591979859,357059
1591979859,392755
1591979859,424903
1591979859,457104
1591979859,492827
1591979859,525043
1591979859,557059
1591979859,592857
1591979859,624871
1591979859,657153
1591979859,692905
1591979859,725141
1591979859,757250
1591979859,793084
1591979859,825183
1591979859,857108
1591979859,892937
1591979859,925124
1591979859,960963
1591979859,993212
1591979860,025356
1591979860,060981
1591979860,093262
1591979860,125215
1591979860,161033
1591979860,193182
1591979860,225228
1591979860,261040
1591979860,293323
1591979860,325282
1591979860,361136
1591979860,393309
1591979860,425285
1591979860,461011
1591979860,493313
1591979860,525437
1591979860,561098
1591979860,593395
1591979860,625175
1591979860,661165
1591979860,693297
1591979860,725357
1591979860,761087
1591979860,793366
1591979860,825372
1591979860,861216
1591979860,893321
1591979860,925272
1591979860,961008
1591979860,993223
1591979861,028986
1591979861,061235
1591979861,093377
1591979861,129055
1591979861,161218
1591979861,193201
1591979861,228952
1591979861,261219
1591979861,293289
1591979861,329092
1591979861,361378
1591979861,393300
1591979861,429165
1591979861,461393
1591979861,493218
1591979861,528967
1591979861,561216
1591979861,593340
1591979861,629027
1591979861,661324
1591979861,693244
1591979861,729058
1591979861,761114
1591979861,793239
1591979861,829098
1591979861,861277
1591979861,893345
1591979861,929311
1591979861,961386
1591979861,993123
1591979862,029245
1591979862,061451
1591979862,096657
1591979862,128932
1591979862,161007
1591979862,196831
1591979862,229001
1591979862,260925
1591979862,296785
1591979862,329015
1591979862,361012
1591979862,396856
1591979862,429188
1591979862,461050
1591979862,496895
1591979862,529047
1591979862,560849
1591979862,596743
1591979862,628878
1591979862,661137
1591979862,696816
1591979862,729045
1591979862,760959
1591979862,796840
1591979862,828962
1591979862,861024
1591979862,896909
1591979862,929101
1591979862,961102
1591979862,996954
1591979863,029106
1591979863,064771
1591979863,097032
1591979863,129109
1591979863,164808
1591979863,197063
1591979863,229177
1591979863,264989
1591979863,297082
1591979863,329137
1591979863,364869
1591979863,396988
1591979863,429133
1591979863,464855
1591979863,497139
1591979863,529071
1591979863,564844
1591979863,597040
1591979863,628907
1591979863,664761
1591979863,697067
1591979863,729145
1591979863,764699
1591979863,797079
1591979863,829060
1591979863,864849
1591979863,896945
1591979863,929042
1591979863,964817
1591979863,997063
1591979864,029095
1591979864,064896
1591979864,097028
1591979864,132871
1591979864,165289
1591979864,197014
1591979864,232738
1591979864,265035
1591979864,297126
1591979864,332942
1591979864,365041
1591979864,397023
1591979864,432792
1591979864,465010
1591979864,497090
1591979864,532855
1591979864,565159
1591979864,597531
1591979864,633382
1591979864,665055
1591979864,697062
1591979864,732733
1591979864,768398
1591979864,800070
1591979864,833054
1591979864,865093
1591979864,897074
1591979864,932908
1591979864,965018
1591979864,997896
1591979865,033679
1591979865,065682
1591979865,097681
1591979865,133863
1591979865,166019
1591979865,201479
1591979865,233814
1591979865,265968
1591979865,301071
1591979865,333154
